  4003.123  1.919e-16  7.472e-17
  4007.464  3.207e-16  7.029e-17
  4011.810  5.491e-16  7.506e-17
  4016.153  1.210e-16  6.790e-17
  4020.502  2.421e-16  6.418e-17
  4024.850  2.364e-16  6.470e-17
  4029.199  4.802e-16  7.407e-17
  4033.549  3.405e-16  7.464e-17
  4037.900  4.866e-16  7.927e-17
  4042.244 -2.408e-16  5.862e-17
  4046.607  3.070e-16  7.458e-17
  4050.962  2.825e-16  7.765e-17
  4055.318  7.654e-16  9.130e-17
  4059.676  6.652e-16  8.549e-17
  4064.033  6.390e-16  7.729e-17
  4068.394  6.990e-16  7.941e-17
  4072.755  7.168e-16  7.614e-17
  4077.117  2.814e-16  6.243e-17
  4081.481  5.489e-16  6.765e-17
  4085.845  3.576e-16  5.670e-17
  4090.208  2.360e-16  5.592e-17
  4094.578  7.003e-16  6.435e-17
  4098.944  2.459e-16  5.165e-17
  4103.315  4.287e-16  5.588e-17
  4107.684  4.221e-16  5.645e-17
  4112.059  7.465e-16  6.178e-17
  4116.432  5.563e-16  5.874e-17
  4120.806  5.342e-16  5.689e-17
  4125.182  6.767e-16  5.951e-17
  4129.558  3.850e-16  5.187e-17
  4133.936  5.538e-16  5.630e-17
  4138.315  5.598e-16  5.403e-17
  4142.696  5.689e-16  5.331e-17
  4147.077  6.558e-16  5.510e-17
  4151.460  4.428e-16  4.981e-17
  4155.843  4.273e-16  4.833e-17
  4160.228  4.535e-16  4.838e-17
  4164.615  6.135e-16  5.116e-17
  4169.002  3.933e-16  4.557e-17
  4173.391  4.646e-16  4.582e-17
  4177.781  5.746e-16  4.710e-17
  4182.171  3.675e-16  4.250e-17
  4186.564  5.184e-16  4.453e-17
  4190.957  5.555e-16  4.497e-17
  4195.352  6.117e-16  4.494e-17
  4199.747  6.328e-16  4.486e-17
  4204.144  6.848e-16  4.554e-17
  4208.542  5.446e-16  4.211e-17
  4212.941  3.921e-16  3.878e-17
  4217.342  3.465e-16  3.770e-17
  4221.743  4.979e-16  4.004e-17
  4226.146  3.905e-16  3.716e-17
  4230.550  4.105e-16  3.769e-17
  4234.955  4.279e-16  3.806e-17
  4239.362  4.367e-16  3.733e-17
  4243.769  4.888e-16  3.779e-17
  4248.178  5.583e-16  4.004e-17
  4252.586  4.545e-16  3.697e-17
  4256.998  3.899e-16  3.499e-17
  4261.411  3.774e-16  3.546e-17
  4265.824  4.735e-16  3.700e-17
  4270.239  6.327e-16  3.991e-17
  4274.654  5.417e-16  3.754e-17
  4279.071  4.601e-16  3.605e-17
  4283.489  4.890e-16  3.669e-17
  4287.908  4.783e-16  3.582e-17
  4292.326  4.792e-16  3.438e-17
  4296.750  4.947e-16  3.475e-17
  4301.173  4.970e-16  3.439e-17
  4305.596  5.427e-16  3.549e-17
  4310.021  5.028e-16  3.503e-17
  4314.447  4.413e-16  3.364e-17
  4318.875  5.685e-16  3.640e-17
  4323.303  5.370e-16  3.505e-17
  4327.733  6.927e-16  3.743e-17
  4332.163  5.266e-16  3.555e-17
  4336.595  6.776e-16  3.729e-17
  4341.028  6.594e-16  3.667e-17
  4345.462  6.036e-16  3.584e-17
  4349.898  5.503e-16  3.515e-17
  4354.334  5.914e-16  3.532e-17
  4358.772  6.661e-16  3.687e-17
  4363.211  4.685e-16  3.329e-17
  4367.651  5.859e-16  3.495e-17
  4372.092  5.832e-16  3.524e-17
  4376.534  5.034e-16  3.373e-17
  4380.977  6.861e-16  3.591e-17
  4385.422  6.355e-16  3.504e-17
  4389.867  6.215e-16  3.473e-17
  4394.314  6.317e-16  3.480e-17
  4398.762  6.009e-16  3.489e-17
  4403.211  4.970e-16  3.279e-17
  4407.661  6.068e-16  3.519e-17
  4412.113  5.477e-16  3.408e-17
  4416.565  5.988e-16  3.458e-17
  4421.019  5.497e-16  3.359e-17
  4425.474  6.019e-16  3.432e-17
  4429.929  7.034e-16  3.513e-17
  4434.386  5.824e-16  3.363e-17
  4438.845  6.245e-16  3.381e-17
  4443.304  5.759e-16  3.323e-17
  4447.764  5.027e-16  3.174e-17
  4452.226  5.860e-16  3.247e-17
  4456.688  5.286e-16  3.156e-17
  4461.152  5.635e-16  3.197e-17
  4465.617  5.022e-16  3.080e-17
  4470.083  6.094e-16  3.261e-17
  4474.550  6.303e-16  3.228e-17
  4479.019  6.841e-16  3.291e-17
  4483.488  6.292e-16  3.224e-17
  4487.958  5.794e-16  3.132e-17
  4492.430  5.527e-16  3.070e-17
  4496.903  5.877e-16  3.105e-17
  4501.377  5.723e-16  3.095e-17
  4505.852  6.143e-16  3.093e-17
  4510.328  6.001e-16  3.081e-17
  4514.805  6.815e-16  3.203e-17
  4519.283  5.969e-16  3.026e-17
  4523.762  5.860e-16  3.012e-17
  4528.243  5.607e-16  2.980e-17
  4532.725  6.522e-16  3.087e-17
  4537.207  6.232e-16  3.044e-17
  4541.691  6.556e-16  3.067e-17
  4546.176  5.752e-16  2.940e-17
  4550.662  7.390e-16  3.131e-17
  4555.149  6.260e-16  2.984e-17
  4559.637  5.610e-16  2.892e-17
  4564.127  5.880e-16  2.914e-17
  4568.617  6.224e-16  2.946e-17
  4573.109  5.698e-16  2.846e-17
  4577.601  5.377e-16  2.760e-17
  4582.095  5.274e-16  2.751e-17
  4586.590  6.096e-16  2.824e-17
  4591.085  5.749e-16  2.763e-17
  4595.582  5.890e-16  2.747e-17
  4600.080  6.490e-16  2.808e-17
  4604.580  6.915e-16  2.849e-17
  4609.080  6.185e-16  2.721e-17
  4613.581  5.890e-16  2.688e-17
  4618.083  5.450e-16  2.618e-17
  4622.587  5.440e-16  2.604e-17
  4627.091  5.296e-16  2.560e-17
  4631.597  5.299e-16  2.555e-17
  4636.104  5.586e-16  2.546e-17
  4640.612  5.229e-16  2.479e-17
  4645.120  4.913e-16  2.424e-17
  4649.630  5.275e-16  2.463e-17
  4654.141  5.559e-16  2.502e-17
  4658.653  6.428e-16  2.600e-17
  4663.166  5.044e-16  2.438e-17
  4667.681  6.441e-16  2.600e-17
  4672.196  5.403e-16  2.443e-17
  4676.712  5.849e-16  2.500e-17
  4681.230  5.603e-16  2.459e-17
  4685.748  5.137e-16  2.384e-17
  4690.268  5.372e-16  2.390e-17
  4694.788  5.140e-16  2.349e-17
  4699.310  5.035e-16  2.321e-17
  4703.833  5.849e-16  2.389e-17
  4708.356  5.083e-16  2.311e-17
  4712.881  5.027e-16  2.296e-17
  4717.407  5.461e-16  2.352e-17
  4721.934  4.787e-16  2.269e-17
  4726.462  5.481e-16  2.332e-17
  4730.991  5.128e-16  2.270e-17
  4735.521  5.354e-16  2.298e-17
  4740.052  5.197e-16  2.276e-17
  4744.584  4.790e-16  2.225e-17
  4749.117  4.803e-16  2.216e-17
  4753.651  4.918e-16  2.216e-17
  4758.187  4.960e-16  2.220e-17
  4762.723  4.767e-16  2.178e-17
  4767.260  4.545e-16  2.154e-17
  4771.799  4.669e-16  2.176e-17
  4776.338  4.403e-16  2.129e-17
  4780.879  4.681e-16  2.165e-17
  4785.420  4.218e-16  2.085e-17
  4789.963  5.132e-16  2.206e-17
  4794.506  4.713e-16  2.156e-17
  4799.051  4.840e-16  2.151e-17
  4803.596  4.681e-16  2.139e-17
  4808.143  4.174e-16  2.072e-17
  4812.690  4.426e-16  2.091e-17
  4817.239  4.240e-16  2.077e-17
  4821.789  5.334e-16  2.190e-17
  4826.339  3.912e-16  2.047e-17
  4830.891  4.648e-16  2.124e-17
  4835.444  3.768e-16  2.005e-17
  4839.998  4.437e-16  2.083e-17
  4844.552  5.113e-16  2.157e-17
  4849.108  5.554e-16  2.190e-17
  4853.665  5.171e-16  2.133e-17
  4858.223  5.075e-16  2.105e-17
  4862.782  5.004e-16  2.087e-17
  4867.341  5.457e-16  2.133e-17
  4871.902  5.398e-16  2.131e-17
  4876.464  4.726e-16  2.059e-17
  4881.027  5.388e-16  2.143e-17
  4885.591  5.178e-16  2.118e-17
  4890.155  5.000e-16  2.093e-17
  4894.721  5.216e-16  2.111e-17
  4899.288  5.323e-16  2.132e-17
  4903.856  5.581e-16  2.148e-17
  4908.424  4.917e-16  2.062e-17
  4912.994  5.254e-16  2.078e-17
  4917.565  5.058e-16  2.041e-17
  4922.137  4.570e-16  1.975e-17
  4926.709  4.912e-16  2.024e-17
  4931.283  4.979e-16  2.028e-17
  4935.858  5.307e-16  2.054e-17
  4940.434  5.257e-16  2.057e-17
  4945.010  5.594e-16  2.095e-17
  4949.588  4.962e-16  2.024e-17
  4954.166  5.284e-16  2.057e-17
  4958.746  5.258e-16  2.044e-17
  4963.327  5.634e-16  2.075e-17
  4967.908  5.049e-16  2.007e-17
  4972.491  5.345e-16  2.050e-17
  4977.074  5.819e-16  2.093e-17
  4981.658  5.444e-16  2.041e-17
  4986.244  5.217e-16  2.002e-17
  4990.830  5.631e-16  2.058e-17
  4995.417  5.456e-16  2.022e-17
  5000.006  4.765e-16  1.941e-17
  5004.595  5.273e-16  2.004e-17
  5009.185  5.832e-16  2.048e-17
  5013.776  5.075e-16  1.956e-17
  5018.368  5.661e-16  2.009e-17
  5022.961  5.548e-16  1.989e-17
  5027.555  4.889e-16  1.908e-17
  5032.150  5.552e-16  1.986e-17
  5036.746  5.460e-16  1.958e-17
  5041.343  5.300e-16  1.949e-17
  5045.941  5.685e-16  1.984e-17
  5050.540  5.754e-16  1.984e-17
  5055.139  5.573e-16  1.979e-17
  5059.740  5.792e-16  2.001e-17
  5064.341  5.515e-16  1.964e-17
  5068.944  5.523e-16  1.967e-17
  5073.547  5.365e-16  1.952e-17
  5078.152  5.859e-16  2.004e-17
  5082.757  5.210e-16  1.919e-17
  5087.363  5.717e-16  1.973e-17
  5091.970  5.478e-16  1.942e-17
  5096.578  5.193e-16  1.909e-17
  5101.187  5.428e-16  1.934e-17
  5105.797  5.387e-16  1.913e-17
  5110.408  5.764e-16  1.949e-17
  5115.020  5.671e-16  1.933e-17
  5119.632  5.555e-16  1.916e-17
  5124.246  6.111e-16  1.965e-17
  5128.860  6.052e-16  1.963e-17
  5133.476  5.952e-16  1.947e-17
  5138.092  5.668e-16  1.917e-17
  5142.709  5.726e-16  1.924e-17
  5147.327  5.288e-16  1.872e-17
  5151.946  5.728e-16  1.917e-17
  5156.566  6.257e-16  1.970e-17
  5161.187  5.692e-16  1.890e-17
  5165.809  5.674e-16  1.878e-17
  5170.431  5.807e-16  1.881e-17
  5175.055  5.762e-16  1.859e-17
  5179.679  5.439e-16  1.820e-17
  5184.305  5.705e-16  1.856e-17
  5188.931  5.403e-16  1.836e-17
  5193.558  5.671e-16  1.895e-17
  5198.186  5.386e-16  1.888e-17
  5202.815  5.994e-16  1.955e-17
  5207.444  5.748e-16  1.927e-17
  5212.075  5.446e-16  1.865e-17
  5216.706  5.179e-16  1.808e-17
  5221.339  5.470e-16  1.839e-17
  5225.972  4.854e-16  1.773e-17
  5230.606  5.129e-16  1.792e-17
  5235.241  4.807e-16  1.767e-17
  5239.877  5.709e-16  1.848e-17
  5244.514  5.297e-16  1.799e-17
  5249.151  5.376e-16  1.814e-17
  5253.789  5.026e-16  1.770e-17
  5258.429  4.959e-16  1.752e-17
  5263.069  4.930e-16  1.736e-17
  5267.710  4.798e-16  1.716e-17
  5272.352  4.572e-16  1.683e-17
  5276.995  4.789e-16  1.705e-17
  5281.638  5.146e-16  1.756e-17
  5286.283  4.656e-16  1.698e-17
  5290.928  4.665e-16  1.692e-17
  5295.574  4.694e-16  1.716e-17
  5300.221  4.691e-16  1.710e-17
  5304.869  4.988e-16  1.738e-17
  5309.517  4.700e-16  1.704e-17
  5314.167  4.543e-16  1.686e-17
  5318.817  4.485e-16  1.686e-17
  5323.468  5.014e-16  1.730e-17
  5328.120  4.454e-16  1.667e-17
  5332.773  4.709e-16  1.700e-17
  5337.427  4.316e-16  1.650e-17
  5342.081  4.734e-16  1.701e-17
  5346.736  4.673e-16  1.687e-17
  5351.393  4.547e-16  1.680e-17
  5356.050  4.465e-16  1.655e-17
  5360.707  4.444e-16  1.656e-17
  5365.366  4.583e-16  1.658e-17
  5370.025  4.113e-16  1.611e-17
  5374.685  4.330e-16  1.636e-17
  5379.347  4.556e-16  1.656e-17
  5384.008  4.313e-16  1.626e-17
  5388.671  4.562e-16  1.647e-17
  5393.334  4.552e-16  1.659e-17
  5397.999  4.157e-16  1.608e-17
  5402.664  4.414e-16  1.636e-17
  5407.330  4.360e-16  1.621e-17
  5411.996  4.387e-16  1.632e-17
  5416.664  4.599e-16  1.650e-17
  5421.332  4.454e-16  1.640e-17
  5426.001  4.653e-16  1.662e-17
  5430.671  5.144e-16  1.708e-17
  5435.341  5.517e-16  1.745e-17
  5440.013  6.067e-16  1.799e-17
  5444.685  5.280e-16  1.705e-17
  5449.358  4.985e-16  1.666e-17
  5454.032  4.460e-16  1.615e-17
  5458.706  4.739e-16  1.642e-17
  5463.381  4.246e-16  1.589e-17
  5468.058  4.460e-16  1.612e-17
  5472.734  4.282e-16  1.587e-17
  5477.412  4.620e-16  1.618e-17
  5482.090  4.283e-16  1.574e-17
  5486.770  4.193e-16  1.556e-17
  5491.449  3.917e-16  1.536e-17
  5496.130  3.648e-16  1.509e-17
  5500.811  3.719e-16  1.516e-17
  5505.494  3.757e-16  1.522e-17
  5510.177  3.845e-16  1.550e-17
  5514.860  4.045e-16  1.558e-17
  5519.545  3.415e-16  1.496e-17
  5524.230  3.772e-16  1.530e-17
  5528.916  3.630e-16  1.522e-17
  5533.603  3.514e-16  1.520e-17
  5538.290  3.620e-16  1.542e-17
  5542.978  3.632e-16  1.536e-17
  5547.667  3.761e-16  1.561e-17
  5552.357  3.221e-16  1.488e-17
  5557.047  3.440e-16  1.523e-17
  5561.738  3.616e-16  1.569e-17
  5566.430  3.250e-16  1.811e-17
  5571.122  4.043e-16  2.953e-17
  5575.815  3.197e-16  3.270e-17
  5580.509  3.090e-16  3.253e-17
  5585.204  3.231e-16  3.084e-17
  5589.900  3.252e-16  2.125e-17
  5594.596  3.164e-16  1.528e-17
  5599.292  3.479e-16  1.533e-17
  5603.990  3.478e-16  1.521e-17
  5608.688  3.428e-16  1.517e-17
  5613.387  3.303e-16  1.511e-17
  5618.087  3.715e-16  1.552e-17
  5622.787  3.705e-16  1.533e-17
  5627.488  3.947e-16  1.576e-17
  5632.190  3.792e-16  1.551e-17
  5636.893  3.543e-16  1.510e-17
  5641.596  3.506e-16  1.514e-17
  5646.300  3.554e-16  1.517e-17
  5651.004  3.866e-16  1.553e-17
  5655.709  3.812e-16  1.532e-17
  5660.415  3.765e-16  1.531e-17
  5665.122  3.703e-16  1.523e-17
  5669.829  3.715e-16  1.538e-17
  5674.537  4.060e-16  1.578e-17
  5679.246  3.834e-16  1.547e-17
  5683.955  3.832e-16  1.566e-17
  5688.665  4.061e-16  1.589e-17
  5693.375  4.452e-16  1.626e-17
  5698.087  4.097e-16  1.598e-17
  5702.799  3.682e-16  1.544e-17
  5707.511  4.398e-16  1.613e-17
  5712.224  4.315e-16  1.607e-17
  5716.938  4.158e-16  1.598e-17
  5721.653  4.203e-16  1.601e-17
  5726.368  3.845e-16  1.564e-17
  5731.084  4.482e-16  1.642e-17
  5735.801  4.473e-16  1.636e-17
  5740.518  4.089e-16  1.591e-17
  5745.236  4.220e-16  1.595e-17
  5749.954  4.329e-16  1.621e-17
  5754.673  4.470e-16  1.630e-17
  5759.393  4.258e-16  1.605e-17
  5764.113  4.171e-16  1.599e-17
  5768.834  4.199e-16  1.601e-17
  5773.556  3.982e-16  1.588e-17
  5778.278  4.303e-16  1.610e-17
  5783.001  4.130e-16  1.589e-17
  5787.724  4.431e-16  1.626e-17
  5792.449  4.360e-16  1.626e-17
  5797.173  4.366e-16  1.622e-17
  5801.899  4.130e-16  1.595e-17
  5806.625  3.995e-16  1.576e-17
  5811.351  4.304e-16  1.619e-17
  5816.078  4.300e-16  1.619e-17
  5820.806  4.055e-16  1.584e-17
  5825.534  4.321e-16  1.610e-17
  5830.263  4.354e-16  1.613e-17
  5834.993  4.202e-16  1.606e-17
  5839.723  3.975e-16  1.573e-17
  5844.454  3.930e-16  1.575e-17
  5849.185  4.279e-16  1.605e-17
  5853.917  4.353e-16  1.604e-17
  5858.650  3.882e-16  1.584e-17
  5863.383  4.245e-16  1.651e-17
  5868.117  3.731e-16  1.601e-17
  5872.851  4.017e-16  1.627e-17
  5877.586  3.868e-16  1.603e-17
  5882.321  3.526e-16  1.651e-17
  5887.057  3.860e-16  1.762e-17
  5891.794  3.722e-16  1.784e-17
  5896.531  3.770e-16  1.780e-17
  5901.269  3.859e-16  1.707e-17
  5906.007  3.765e-16  1.618e-17
  5910.746  4.274e-16  1.639e-17
  5915.485  3.767e-16  1.573e-17
  5920.225  3.679e-16  1.570e-17
  5924.965  3.624e-16  1.565e-17
  5929.706  3.813e-16  1.583e-17
  5934.448  3.680e-16  1.556e-17
  5939.190  3.561e-16  1.547e-17
  5943.933  3.981e-16  1.576e-17
  5948.676  4.441e-16  1.630e-17
  5953.420  3.728e-16  1.556e-17
  5958.164  3.872e-16  1.565e-17
  5962.909  3.850e-16  1.555e-17
  5967.654  3.742e-16  1.540e-17
  5972.400  3.837e-16  1.557e-17
  5977.146  3.641e-16  1.529e-17
  5981.893  3.630e-16  1.526e-17
  5986.641  3.861e-16  1.541e-17
  5991.388  3.642e-16  1.495e-17
  5996.137  3.771e-16  1.517e-17
  6000.886  3.848e-16  1.537e-17
  6005.635  3.647e-16  1.510e-17
  6010.385  3.491e-16  1.481e-17
  6015.136  3.485e-16  1.475e-17
  6019.887  3.783e-16  1.502e-17
  6024.638  3.801e-16  1.505e-17
  6029.390  3.737e-16  1.498e-17
  6034.143  3.880e-16  1.527e-17
  6038.896  3.947e-16  1.531e-17
  6043.649  3.594e-16  1.481e-17
  6048.403  4.036e-16  1.531e-17
  6053.157  3.675e-16  1.492e-17
  6057.912  3.986e-16  1.526e-17
  6062.668  3.841e-16  1.517e-17
  6067.423  3.595e-16  1.477e-17
  6072.180  3.652e-16  1.485e-17
  6076.937  3.581e-16  1.469e-17
  6081.694  3.671e-16  1.478e-17
  6086.451  3.704e-16  1.483e-17
  6091.210  3.878e-16  1.499e-17
  6095.968  3.589e-16  1.463e-17
  6100.727  3.435e-16  1.448e-17
  6105.487  3.833e-16  1.493e-17
  6110.247  3.988e-16  1.510e-17
  6115.007  3.718e-16  1.473e-17
  6119.768  4.374e-16  1.543e-17
  6124.530  3.816e-16  1.479e-17
  6129.291  3.727e-16  1.472e-17
  6134.054  3.525e-16  1.462e-17
  6138.816  4.062e-16  1.535e-17
  6143.579  3.612e-16  1.488e-17
  6148.343  3.937e-16  1.516e-17
  6153.107  3.844e-16  1.501e-17
  6157.871  4.049e-16  1.512e-17
  6162.636  4.025e-16  1.519e-17
  6167.401  4.083e-16  1.524e-17
  6172.167  3.940e-16  1.519e-17
  6176.933  4.086e-16  1.533e-17
  6181.699  4.120e-16  1.534e-17
  6186.466  3.999e-16  1.513e-17
  6191.233  4.055e-16  1.515e-17
  6196.001  4.206e-16  1.545e-17
  6200.769  3.920e-16  1.518e-17
  6205.537  4.253e-16  1.550e-17
  6210.306  3.934e-16  1.528e-17
  6215.075  4.160e-16  1.551e-17
  6219.845  4.231e-16  1.558e-17
  6224.615  3.800e-16  1.529e-17
  6229.385  4.034e-16  1.610e-17
  6234.156  4.167e-16  1.646e-17
  6238.927  3.650e-16  1.599e-17
  6243.699  3.804e-16  1.611e-17
  6248.473  4.943e-16  1.678e-17
  6253.246  4.174e-16  1.606e-17
  6258.016  4.139e-16  1.635e-17
  6262.789  3.842e-16  1.605e-17
  6267.562  4.121e-16  1.625e-17
  6272.336  4.119e-16  1.574e-17
  6277.110  3.740e-16  1.527e-17
  6281.884  3.831e-16  1.569e-17
  6286.659  4.108e-16  1.639e-17
  6291.434  3.966e-16  2.194e-17
  6296.210  4.040e-16  2.692e-17
  6300.985  4.029e-16  2.704e-17
  6305.762  3.948e-16  2.674e-17
  6310.538  3.696e-16  2.208e-17
  6315.315  3.718e-16  1.624e-17
  6320.092  3.789e-16  1.565e-17
  6324.869  3.550e-16  1.566e-17
  6329.647  3.719e-16  1.572e-17
  6334.425  3.762e-16  1.564e-17
  6339.204  4.085e-16  1.576e-17
  6343.983  3.799e-16  1.523e-17
  6348.762  3.738e-16  1.546e-17
  6353.541  3.560e-16  1.660e-17
  6358.321  3.752e-16  1.942e-17
  6363.101  4.021e-16  1.989e-17
  6367.881  3.864e-16  1.932e-17
  6372.662  3.526e-16  1.807e-17
  6377.442  3.670e-16  1.553e-17
  6382.224  3.792e-16  1.538e-17
  6387.005  3.745e-16  1.535e-17
  6391.787  3.727e-16  1.530e-17
  6396.569  3.322e-16  1.469e-17
  6401.351  3.604e-16  1.484e-17
  6406.134  3.819e-16  1.517e-17
  6410.917  4.037e-16  1.560e-17
  6415.700  3.404e-16  1.481e-17
  6420.483  3.255e-16  1.478e-17
  6425.267  3.371e-16  1.492e-17
  6430.051  3.357e-16  1.484e-17
  6434.835  3.824e-16  1.527e-17
  6439.620  3.704e-16  1.522e-17
  6444.404  3.377e-16  1.485e-17
  6449.189  3.781e-16  1.544e-17
  6453.974  3.625e-16  1.538e-17
  6458.760  3.337e-16  1.527e-17
  6463.546  3.711e-16  1.623e-17
  6468.332  3.613e-16  1.614e-17
  6473.118  3.424e-16  1.582e-17
  6477.904  3.435e-16  1.557e-17
  6482.691  3.345e-16  1.488e-17
  6487.478  3.834e-16  1.551e-17
  6492.265  3.687e-16  1.592e-17
  6497.052  3.726e-16  1.634e-17
  6501.840  3.139e-16  1.573e-17
  6506.627  3.544e-16  1.629e-17
  6511.415  3.425e-16  1.558e-17
  6516.203  3.735e-16  1.580e-17
  6520.992  3.442e-16  1.532e-17
  6525.780  3.397e-16  1.572e-17
  6530.569  3.173e-16  1.565e-17
  6535.358  3.936e-16  1.659e-17
  6540.147  3.663e-16  1.634e-17
  6544.937  3.340e-16  1.596e-17
  6549.726  3.588e-16  1.641e-17
  6554.516  3.698e-16  1.666e-17
  6559.306  3.369e-16  1.606e-17
  6564.096  3.333e-16  1.570e-17
  6568.886  3.883e-16  1.638e-17
  6573.677  3.264e-16  1.579e-17
  6578.467  3.381e-16  1.604e-17
  6583.258  3.250e-16  1.589e-17
  6588.049  3.321e-16  1.579e-17
  6592.840  3.598e-16  1.600e-17
  6597.632  3.344e-16  1.577e-17
  6602.423  3.435e-16  1.600e-17
  6607.215  3.813e-16  1.635e-17
  6612.006  3.313e-16  1.575e-17
  6616.798  3.622e-16  1.588e-17
  6621.590  3.421e-16  1.561e-17
  6626.382  3.363e-16  1.564e-17
  6631.175  3.347e-16  1.561e-17
  6635.967  3.357e-16  1.569e-17
  6640.760  3.590e-16  1.584e-17
  6645.552  2.810e-16  1.474e-17
  6650.346  3.488e-16  1.537e-17
  6655.138  3.564e-16  1.577e-17
  6659.931  3.410e-16  1.582e-17
  6664.724  3.479e-16  1.591e-17
  6669.518  3.489e-16  1.592e-17
  6674.311  3.320e-16  1.567e-17
  6679.104  3.163e-16  1.535e-17
  6683.898  3.147e-16  1.540e-17
  6688.692  3.065e-16  1.537e-17
  6693.485  3.388e-16  1.583e-17
  6698.279  3.245e-16  1.557e-17
  6703.073  3.076e-16  1.553e-17
  6707.867  3.433e-16  1.602e-17
  6712.661  2.933e-16  1.543e-17
  6717.456  3.242e-16  1.591e-17
  6722.250  3.636e-16  1.645e-17
  6727.044  3.608e-16  1.660e-17
  6731.839  3.260e-16  1.616e-17
  6736.633  3.678e-16  1.685e-17
  6741.428  3.349e-16  1.630e-17
  6746.222  3.483e-16  1.659e-17
  6751.017  3.637e-16  1.675e-17
  6755.812  3.615e-16  1.654e-17
  6760.606  3.671e-16  1.674e-17
  6765.401  3.480e-16  1.642e-17
  6770.196  3.265e-16  1.614e-17
  6774.991  3.187e-16  1.604e-17
  6779.786  2.765e-16  1.547e-17
  6784.581  3.121e-16  1.596e-17
  6789.376  2.798e-16  1.554e-17
  6794.171  3.341e-16  1.633e-17
  6798.970  2.913e-16  1.613e-17
  6803.761  3.046e-16  1.606e-17
  6808.556  3.206e-16  1.629e-17
  6813.351  2.916e-16  1.590e-17
  6818.146  2.677e-16  1.592e-17
  6822.941  2.839e-16  1.740e-17
  6827.736  3.193e-16  1.910e-17
  6832.532  2.474e-16  1.872e-17
  6837.327  3.170e-16  1.958e-17
  6842.122  3.069e-16  1.848e-17
  6846.917  2.672e-16  1.680e-17
  6851.712  2.784e-16  1.658e-17
  6856.507  2.769e-16  1.751e-17
  6861.302  2.432e-16  1.807e-17
  6866.097  2.519e-16  1.809e-17
  6870.892  2.252e-16  1.763e-17
  6875.687  2.179e-16  1.631e-17
  6880.482  2.172e-16  1.562e-17
  6885.277  2.987e-16  1.695e-17
  6890.072  2.542e-16  1.645e-17
  6894.867  2.473e-16  1.637e-17
  6899.662  2.991e-16  1.696e-17
  6904.456  2.146e-16  1.576e-17
  6909.251  2.907e-16  1.717e-17
  6914.046  2.614e-16  1.703e-17
  6918.840  2.108e-16  1.688e-17
  6923.635  3.035e-16  1.817e-17
  6928.429  3.034e-16  1.783e-17
  6933.223  2.713e-16  1.740e-17
  6938.018  2.411e-16  1.637e-17
  6942.812  3.260e-16  1.841e-17
  6947.606  2.797e-16  1.815e-17
  6952.400  2.678e-16  1.762e-17
  6957.194  2.483e-16  1.711e-17
  6961.988  2.482e-16  1.650e-17
  6966.782  3.169e-16  1.740e-17
  6971.575  2.911e-16  1.769e-17
  6976.369  2.512e-16  1.738e-17
  6981.162  2.922e-16  1.782e-17
  6985.956  2.454e-16  1.689e-17
  6990.749  3.319e-16  1.766e-17
  6995.542  2.601e-16  1.634e-17
  7000.335  2.993e-16  1.716e-17
  7005.128  3.009e-16  1.743e-17
  7009.921  2.782e-16  1.719e-17
  7014.713  2.919e-16  1.726e-17
  7019.506  2.880e-16  1.723e-17
  7024.298  3.022e-16  1.710e-17
  7029.090  2.796e-16  1.670e-17
  7033.882  2.884e-16  1.693e-17
  7038.674  3.760e-16  1.842e-17
  7043.466  2.664e-16  1.736e-17
  7048.258  2.781e-16  1.753e-17
  7053.049  3.059e-16  1.799e-17
  7057.841  2.671e-16  1.719e-17
  7062.632  2.709e-16  1.701e-17
  7067.423  3.019e-16  1.725e-17
  7072.214  2.452e-16  1.674e-17
  7077.004  2.939e-16  1.734e-17
  7081.795  3.286e-16  1.799e-17
  7086.585  2.669e-16  1.704e-17
  7091.375  3.010e-16  1.741e-17
  7096.165  2.660e-16  1.685e-17
  7100.955  2.530e-16  1.661e-17
  7105.745  2.832e-16  1.711e-17
  7110.534  2.720e-16  1.684e-17
  7115.323  2.693e-16  1.679e-17
  7120.112  2.750e-16  1.667e-17
  7124.900  2.988e-16  1.725e-17
  7129.689  2.511e-16  1.644e-17
  7134.478  2.399e-16  1.676e-17
  7139.266  3.429e-16  1.867e-17
  7144.054  3.138e-16  1.824e-17
  7148.841  2.904e-16  1.764e-17
  7153.629  2.919e-16  1.780e-17
  7158.416  2.860e-16  1.755e-17
  7163.203  3.006e-16  1.757e-17
  7167.990  2.782e-16  1.736e-17
  7172.776  2.728e-16  1.701e-17
  7177.562  1.690e-16  1.521e-17
  7182.348  2.278e-16  1.627e-17
  7187.134  2.198e-16  1.589e-17
  7191.920  2.163e-16  1.593e-17
  7196.705  2.767e-16  1.660e-17
  7201.490  1.974e-16  1.548e-17
  7206.274  2.228e-16  1.607e-17
  7211.059  2.741e-16  1.711e-17
  7215.843  2.229e-16  1.638e-17
  7220.627  2.739e-16  1.744e-17
  7225.410  2.976e-16  1.802e-17
  7230.194  2.123e-16  1.694e-17
  7234.976  2.591e-16  2.072e-17
  7239.759  2.590e-16  2.337e-17
  7244.542  2.172e-16  2.369e-17
  7249.324  2.341e-16  2.430e-17
  7254.105  1.990e-16  2.137e-17
  7258.887  2.596e-16  1.927e-17
  7263.668  2.829e-16  1.863e-17
  7268.449  2.228e-16  1.910e-17
  7273.229  2.486e-16  2.205e-17
  7278.010  2.309e-16  2.313e-17
  7282.789  2.046e-16  2.345e-17
  7287.569  2.067e-16  2.239e-17
  7292.348  2.198e-16  2.039e-17
  7297.127  2.168e-16  1.949e-17
  7301.905  2.665e-16  1.977e-17
  7306.684  2.590e-16  1.997e-17
  7311.461  2.722e-16  2.274e-17
  7316.239  2.833e-16  2.292e-17
  7321.016  2.473e-16  2.255e-17
  7325.793  3.727e-16  2.512e-17
  7330.569  3.538e-16  2.268e-17
  7335.345  4.121e-16  2.594e-17
  7340.121  5.244e-16  2.828e-17
  7344.896  7.301e-16  2.972e-17
  7349.671  6.010e-16  2.834e-17
  7354.445  4.237e-16  2.464e-17
  7359.219  3.072e-16  2.166e-17
  7363.993  3.142e-16  2.403e-17
  7368.766  3.794e-16  2.525e-17
  7373.539  3.115e-16  2.326e-17
  7378.312  3.295e-16  2.312e-17
  7383.084  3.143e-16  2.120e-17
  7387.855  2.634e-16  2.024e-17
  7392.627  2.618e-16  2.063e-17
  7397.398  3.432e-16  2.376e-17
  7402.168  1.960e-16  2.181e-17
  7406.938  2.674e-16  2.185e-17
  7411.707  3.370e-16  2.261e-17
  7416.477  2.370e-16  1.936e-17
  7421.245  2.745e-16  1.968e-17
  7426.013  2.752e-16  2.014e-17
  7430.781  2.893e-16  2.078e-17
  7435.549  2.677e-16  2.162e-17
  7440.316  2.750e-16  2.165e-17
  7445.082  2.320e-16  2.076e-17
  7449.848  2.587e-16  2.047e-17
  7454.613  2.845e-16  1.978e-17
  7459.378  3.387e-16  2.144e-17
  7464.143  1.942e-16  1.981e-17
  7468.907  2.273e-16  2.147e-17
  7473.670  3.002e-16  2.297e-17
  7478.433  2.598e-16  2.303e-17
  7483.196  2.555e-16  2.309e-17
  7487.959  2.630e-16  2.263e-17
  7492.720  2.489e-16  2.150e-17
  7497.481  2.238e-16  1.988e-17
  7502.242  2.460e-16  1.979e-17
  7507.002  2.499e-16  1.991e-17
  7511.762  2.829e-16  2.011e-17
  7516.521  2.857e-16  2.131e-17
  7521.279  2.594e-16  2.354e-17
  7526.037  3.069e-16  2.490e-17
  7530.795  2.835e-16  2.457e-17
  7535.552  2.904e-16  2.400e-17
  7540.308  2.499e-16  2.151e-17
  7545.064  2.130e-16  1.981e-17
  7549.820  2.442e-16  2.026e-17
  7554.574  2.277e-16  2.033e-17
  7559.329  2.781e-16  2.128e-17
  7564.082  2.110e-16  2.117e-17
  7568.836  2.606e-16  2.366e-17
  7573.588  2.969e-16  2.355e-17
  7578.340  2.178e-16  2.264e-17
  7583.092  1.177e-16  2.071e-17
  7587.842  2.522e-16  2.125e-17
  7592.593  1.941e-16  2.045e-17
  7597.342  1.606e-16  1.946e-17
  7602.092  1.122e-16  1.731e-17
  7606.840  4.134e-17  1.488e-17
  7611.588  7.317e-17  1.557e-17
  7616.335  9.084e-17  1.620e-17
  7621.082  1.167e-16  1.770e-17
  7625.828  1.432e-16  1.932e-17
  7630.574  1.427e-16  1.905e-17
  7635.318  1.548e-16  1.878e-17
  7640.063  1.715e-16  1.929e-17
  7644.806  1.503e-16  1.869e-17
  7649.549  1.789e-16  1.946e-17
  7654.292  1.499e-16  1.986e-17
  7659.033  1.917e-16  2.151e-17
  7663.774  1.750e-16  2.128e-17
  7668.515  1.502e-16  2.068e-17
  7673.255  1.413e-16  2.079e-17
  7677.994  2.334e-16  2.238e-17
  7682.732  1.396e-16  2.043e-17
  7687.470  3.119e-16  2.486e-17
  7692.207  1.637e-16  2.249e-17
  7696.944  2.186e-16  2.381e-17
  7701.679  1.918e-16  2.334e-17
  7706.414  1.850e-16  2.657e-17
  7711.149  2.142e-16  3.238e-17
  7715.883  2.291e-16  3.414e-17
  7720.616  1.994e-16  3.464e-17
  7725.348  1.011e-16  3.109e-17
  7730.080  1.771e-16  2.793e-17
  7734.811  1.545e-16  2.527e-17
  7739.541  2.021e-16  2.540e-17
  7744.271  1.828e-16  2.981e-17
  7748.999  2.066e-16  3.309e-17
  7753.728  1.613e-16  3.339e-17
  7758.455  1.292e-16  3.360e-17
  7763.182  1.633e-16  3.037e-17
  7767.908  1.806e-16  2.924e-17
  7772.633  2.091e-16  2.900e-17
  7777.357  2.363e-16  2.961e-17
  7782.081  1.346e-16  2.777e-17
  7786.804  2.118e-16  3.208e-17
  7791.526  2.396e-16  3.445e-17
  7796.248  1.222e-16  3.084e-17
  7800.968  2.406e-16  3.434e-17
  7805.688  2.237e-16  3.382e-17
  7810.407  1.795e-16  3.096e-17
  7815.126  2.321e-16  3.745e-17
  7819.843  1.324e-16  3.662e-17
  7824.560  2.401e-16  3.864e-17
  7829.276  1.495e-16  3.644e-17
  7833.991  1.720e-16  3.488e-17
  7838.706  2.489e-16  3.473e-17
  7843.419  1.314e-16  3.479e-17
  7848.132  3.410e-16  4.720e-17
  7852.844  1.431e-16  4.496e-17
  7857.555  1.177e-16  4.534e-17
  7862.266  2.006e-16  4.780e-17
  7866.975  1.299e-16  4.319e-17
  7871.684  5.808e-18  3.907e-17
  7876.392  3.633e-17  4.068e-17
  7881.099  2.680e-16  4.710e-17
  7885.805  6.702e-17  4.249e-17
  7890.511  8.729e-17  4.203e-17
  7895.215  1.754e-16  4.219e-17
  7899.919  2.173e-16  4.301e-17
  7904.622  1.833e-16  4.289e-17
  7909.324  2.618e-16  5.218e-17
  7914.025  2.137e-16  5.576e-17
  7918.725  1.152e-16  5.535e-17
  7923.424  3.099e-16  5.946e-17
  7928.123  2.490e-16  5.211e-17
  7932.820  3.654e-16  5.149e-17
  7937.517  1.923e-16  4.604e-17
  7942.213  1.617e-16  4.622e-17
  7946.908  2.718e-16  4.786e-17
  7951.600  1.741e-16  4.440e-17
  7956.295  1.884e-16  5.389e-17
  7960.987 -3.780e-19  5.085e-17
  7965.678  2.909e-16  5.902e-17
  7970.369  1.378e-18  5.727e-17
  7975.058  1.757e-16  5.312e-17
  7979.747 -1.289e-16  5.059e-17
  7984.433  1.068e-16  5.264e-17
  7989.121  3.026e-16  6.836e-17
