  4003.421  4.942e-16  1.147e-16
  4007.765  8.229e-16  1.115e-16
  4012.109  5.821e-16  1.036e-16
  4016.455  8.357e-16  1.047e-16
  4020.801  1.023e-15  1.084e-16
  4025.149  6.429e-16  1.039e-16
  4029.498  7.232e-16  1.072e-16
  4033.847  4.262e-16  1.039e-16
  4038.200  1.312e-15  1.264e-16
  4042.553  6.352e-16  1.165e-16
  4046.906  4.392e-16  1.070e-16
  4051.262  3.368e-16  1.164e-16
  4055.618  3.529e-16  1.115e-16
  4059.975  7.438e-16  1.168e-16
  4064.334  5.473e-16  1.082e-16
  4068.694  6.034e-16  1.045e-16
  4073.055  8.735e-16  1.078e-16
  4077.418  6.902e-16  9.972e-17
  4081.781  6.773e-16  9.476e-17
  4086.146  7.760e-16  9.112e-17
  4090.512  3.565e-16  8.302e-17
  4094.875  4.775e-16  8.030e-17
  4099.248  5.588e-16  8.223e-17
  4103.617  5.542e-16  8.027e-17
  4107.988  4.197e-16  7.997e-17
  4112.360  7.675e-16  8.472e-17
  4116.733  7.777e-16  8.217e-17
  4121.106  4.157e-16  7.663e-17
  4125.483  3.622e-16  7.432e-17
  4129.860  9.240e-16  8.198e-17
  4134.238  7.626e-16  7.876e-17
  4138.617  6.276e-16  7.674e-17
  4142.997  4.202e-16  6.919e-17
  4147.379  6.284e-16  7.150e-17
  4151.761  5.226e-16  6.936e-17
  4156.145  5.784e-16  7.015e-17
  4160.530  8.369e-16  7.220e-17
  4164.917  5.352e-16  6.737e-17
  4169.304  6.182e-16  6.688e-17
  4173.693  5.386e-16  6.325e-17
  4178.083  5.769e-16  6.278e-17
  4182.474  4.893e-16  6.187e-17
  4186.866  4.640e-16  5.956e-17
  4191.259  7.745e-16  6.283e-17
  4195.654  5.782e-16  5.991e-17
  4200.050  6.760e-16  6.050e-17
  4204.447  6.377e-16  5.902e-17
  4208.845  5.563e-16  5.714e-17
  4213.244  4.497e-16  5.534e-17
  4217.645  7.159e-16  5.836e-17
  4222.046  7.074e-16  5.702e-17
  4226.449  4.333e-16  5.248e-17
  4230.853  5.120e-16  5.382e-17
  4235.258  6.120e-16  5.408e-17
  4239.661  3.647e-16  5.014e-17
  4244.072  5.184e-16  5.303e-17
  4248.481  4.886e-16  5.218e-17
  4252.891  7.466e-16  5.530e-17
  4257.302  6.462e-16  5.315e-17
  4261.714  6.058e-16  5.211e-17
  4266.128  7.429e-16  5.367e-17
  4270.542  6.569e-16  5.288e-17
  4274.958  5.414e-16  5.094e-17
  4279.375  3.912e-16  4.818e-17
  4283.793  5.202e-16  4.955e-17
  4288.212  5.372e-16  4.879e-17
  4292.632  7.370e-16  5.045e-17
  4297.054  5.917e-16  4.707e-17
  4301.476  7.002e-16  4.745e-17
  4305.900  5.839e-16  4.648e-17
  4310.325  6.682e-16  4.883e-17
  4314.751  4.856e-16  4.632e-17
  4319.179  6.535e-16  4.876e-17
  4323.607  6.189e-16  4.870e-17
  4328.037  5.500e-16  4.688e-17
  4332.468  4.670e-16  4.572e-17
  4336.900  6.472e-16  4.826e-17
  4341.333  6.492e-16  4.799e-17
  4345.767  4.614e-16  4.526e-17
  4350.202  5.762e-16  4.663e-17
  4354.639  4.496e-16  4.542e-17
  4359.076  6.192e-16  4.738e-17
  4363.515  4.317e-16  4.503e-17
  4367.955  6.890e-16  4.811e-17
  4372.396  5.370e-16  4.583e-17
  4376.839  4.050e-16  4.359e-17
  4381.282  6.110e-16  4.548e-17
  4385.726  6.052e-16  4.574e-17
  4390.172  6.328e-16  4.573e-17
  4394.619  6.468e-16  4.575e-17
  4399.067  4.294e-16  4.374e-17
  4403.516  5.157e-16  4.453e-17
  4407.966  6.431e-16  4.630e-17
  4412.417  5.847e-16  4.546e-17
  4416.870  5.180e-16  4.449e-17
  4421.324  5.777e-16  4.490e-17
  4425.778  5.066e-16  4.403e-17
  4430.234  6.233e-16  4.484e-17
  4434.691  6.039e-16  4.459e-17
  4439.149  5.974e-16  4.412e-17
  4443.608  7.129e-16  4.561e-17
  4448.069  6.407e-16  4.435e-17
  4452.530  5.034e-16  4.169e-17
  4456.993  6.592e-16  4.328e-17
  4461.457  6.059e-16  4.252e-17
  4465.921  6.443e-16  4.336e-17
  4470.387  6.688e-16  4.339e-17
  4474.855  6.856e-16  4.314e-17
  4479.323  5.699e-16  4.153e-17
  4483.792  5.847e-16  4.186e-17
  4488.262  5.469e-16  4.077e-17
  4492.734  4.288e-16  3.937e-17
  4497.207  6.027e-16  4.101e-17
  4501.680  6.290e-16  4.126e-17
  4506.155  4.828e-16  3.943e-17
  4510.631  5.044e-16  3.940e-17
  4515.108  5.550e-16  4.028e-17
  4519.587  6.195e-16  4.005e-17
  4524.066  5.756e-16  3.942e-17
  4528.546  4.741e-16  3.828e-17
  4533.028  5.326e-16  3.871e-17
  4537.510  6.225e-16  3.982e-17
  4541.994  6.279e-16  3.961e-17
  4546.479  4.660e-16  3.755e-17
  4550.965  4.930e-16  3.763e-17
  4555.452  4.766e-16  3.685e-17
  4559.940  4.180e-16  3.627e-17
  4564.429  5.047e-16  3.720e-17
  4568.919  4.928e-16  3.676e-17
  4573.410  5.315e-16  3.685e-17
  4577.903  5.460e-16  3.660e-17
  4582.396  5.099e-16  3.612e-17
  4586.891  4.739e-16  3.530e-17
  4591.387  5.032e-16  3.517e-17
  4595.883  4.761e-16  3.484e-17
  4600.381  5.977e-16  3.562e-17
  4604.880  5.924e-16  3.536e-17
  4609.380  5.506e-16  3.469e-17
  4613.881  6.397e-16  3.537e-17
  4618.384  5.359e-16  3.428e-17
  4622.887  5.406e-16  3.394e-17
  4627.391  5.660e-16  3.385e-17
  4631.897  5.235e-16  3.343e-17
  4636.403  5.862e-16  3.369e-17
  4640.911  5.139e-16  3.248e-17
  4645.420  5.727e-16  3.282e-17
  4649.929  5.058e-16  3.209e-17
  4654.440  5.501e-16  3.251e-17
  4658.952  5.081e-16  3.199e-17
  4663.465  5.581e-16  3.224e-17
  4667.979  4.610e-16  3.099e-17
  4672.494  5.284e-16  3.138e-17
  4677.010  5.878e-16  3.181e-17
  4681.528  4.980e-16  3.074e-17
  4686.046  6.118e-16  3.194e-17
  4690.565  4.317e-16  2.991e-17
  4695.086  4.453e-16  2.977e-17
  4699.607  4.751e-16  2.979e-17
  4704.130  5.601e-16  3.059e-17
  4708.653  5.122e-16  3.002e-17
  4713.178  4.561e-16  2.936e-17
  4717.704  5.047e-16  3.009e-17
  4722.231  4.903e-16  2.979e-17
  4726.758  5.306e-16  3.003e-17
  4731.287  4.330e-16  2.906e-17
  4735.817  5.225e-16  2.960e-17
  4740.348  4.056e-16  2.835e-17
  4744.880  5.059e-16  2.923e-17
  4749.413  4.768e-16  2.899e-17
  4753.947  4.073e-16  2.813e-17
  4758.482  3.753e-16  2.751e-17
  4763.019  4.106e-16  2.780e-17
  4767.556  4.715e-16  2.844e-17
  4772.094  4.762e-16  2.839e-17
  4776.633  4.215e-16  2.799e-17
  4781.174  3.522e-16  2.724e-17
  4785.715  4.198e-16  2.773e-17
  4790.258  4.277e-16  2.781e-17
  4794.801  4.355e-16  2.761e-17
  4799.345  4.521e-16  2.781e-17
  4803.891  4.068e-16  2.734e-17
  4808.437  4.051e-16  2.713e-17
  4812.985  3.617e-16  2.666e-17
  4817.533  4.322e-16  2.771e-17
  4822.083  3.985e-16  2.717e-17
  4826.634  3.223e-16  2.636e-17
  4831.185  3.990e-16  2.697e-17
  4835.738  3.921e-16  2.683e-17
  4840.292  3.212e-16  2.596e-17
  4844.846  4.234e-16  2.682e-17
  4849.402  4.995e-16  2.747e-17
  4853.959  3.999e-16  2.627e-17
  4858.516  4.036e-16  2.586e-17
  4863.075  3.915e-16  2.556e-17
  4867.635  4.301e-16  2.582e-17
  4872.195  3.750e-16  2.531e-17
  4876.757  4.454e-16  2.635e-17
  4881.320  4.460e-16  2.636e-17
  4885.883  3.657e-16  2.553e-17
  4890.448  4.452e-16  2.640e-17
  4895.014  4.434e-16  2.625e-17
  4899.581  4.136e-16  2.607e-17
  4904.148  3.857e-16  2.574e-17
  4908.717  4.548e-16  2.600e-17
  4913.287  4.746e-16  2.595e-17
  4917.857  4.568e-16  2.554e-17
  4922.429  4.049e-16  2.493e-17
  4927.001  4.236e-16  2.503e-17
  4931.575  4.298e-16  2.512e-17
  4936.150  4.597e-16  2.550e-17
  4940.725  5.055e-16  2.593e-17
  4945.302  5.304e-16  2.625e-17
  4949.879  3.853e-16  2.501e-17
  4954.458  4.007e-16  2.498e-17
  4959.037  5.261e-16  2.603e-17
  4963.618  4.631e-16  2.545e-17
  4968.199  4.186e-16  2.502e-17
  4972.781  5.341e-16  2.602e-17
  4977.365  4.206e-16  2.487e-17
  4981.949  4.802e-16  2.527e-17
  4986.534  4.058e-16  2.441e-17
  4991.121  4.090e-16  2.432e-17
  4995.708  4.686e-16  2.484e-17
  5000.296  4.465e-16  2.468e-17
  5004.885  5.058e-16  2.512e-17
  5009.475  4.336e-16  2.391e-17
  5014.066  3.980e-16  2.364e-17
  5018.658  4.868e-16  2.440e-17
  5023.251  4.060e-16  2.354e-17
  5027.845  3.831e-16  2.323e-17
  5032.440  4.539e-16  2.397e-17
  5037.036  4.110e-16  2.325e-17
  5041.632  4.114e-16  2.333e-17
  5046.230  4.641e-16  2.379e-17
  5050.829  3.882e-16  2.302e-17
  5055.428  4.624e-16  2.409e-17
  5060.029  4.174e-16  2.353e-17
  5064.630  4.180e-16  2.355e-17
  5069.233  4.187e-16  2.339e-17
  5073.836  3.386e-16  2.259e-17
  5078.440  3.831e-16  2.289e-17
  5083.045  4.743e-16  2.373e-17
  5087.651  3.437e-16  2.249e-17
  5092.258  3.831e-16  2.285e-17
  5096.866  3.141e-16  2.208e-17
  5101.475  3.397e-16  2.222e-17
  5106.085  3.765e-16  2.243e-17
  5110.696  3.970e-16  2.265e-17
  5115.307  3.296e-16  2.204e-17
  5119.920  3.680e-16  2.231e-17
  5124.533  3.618e-16  2.214e-17
  5129.147  3.539e-16  2.204e-17
  5133.763  3.955e-16  2.235e-17
  5138.379  3.998e-16  2.225e-17
  5142.996  3.874e-16  2.211e-17
  5147.614  3.433e-16  2.154e-17
  5152.233  4.079e-16  2.225e-17
  5156.853  3.512e-16  2.162e-17
  5161.473  3.673e-16  2.155e-17
  5166.095  3.785e-16  2.142e-17
  5170.717  3.952e-16  2.137e-17
  5175.341  3.354e-16  2.055e-17
  5179.965  3.734e-16  2.081e-17
  5184.590  3.534e-16  2.075e-17
  5189.216  3.734e-16  2.127e-17
  5193.843  3.739e-16  2.200e-17
  5198.471  4.195e-16  2.288e-17
  5203.100  3.519e-16  2.223e-17
  5207.729  4.354e-16  2.286e-17
  5212.360  4.368e-16  2.237e-17
  5216.991  4.082e-16  2.177e-17
  5221.623  3.879e-16  2.154e-17
  5226.256  4.264e-16  2.185e-17
  5230.890  3.841e-16  2.146e-17
  5235.525  4.230e-16  2.174e-17
  5240.161  4.557e-16  2.209e-17
  5244.797  4.468e-16  2.197e-17
  5249.435  4.497e-16  2.197e-17
  5254.073  4.632e-16  2.208e-17
  5258.712  4.446e-16  2.168e-17
  5263.352  3.393e-16  2.039e-17
  5267.993  4.120e-16  2.084e-17
  5272.635  4.399e-16  2.118e-17
  5277.277  3.960e-16  2.080e-17
  5281.921  4.449e-16  2.122e-17
  5286.565  4.027e-16  2.110e-17
  5291.210  4.225e-16  2.132e-17
  5295.856  3.921e-16  2.101e-17
  5300.503  4.499e-16  2.160e-17
  5305.151  3.551e-16  2.069e-17
  5309.799  3.982e-16  2.115e-17
  5314.449  3.987e-16  2.119e-17
  5319.099  3.569e-16  2.065e-17
  5323.750  4.506e-16  2.141e-17
  5328.402  4.529e-16  2.141e-17
  5333.054  4.043e-16  2.085e-17
  5337.708  3.771e-16  2.064e-17
  5342.362  3.782e-16  2.079e-17
  5347.017  4.490e-16  2.141e-17
  5351.673  4.156e-16  2.101e-17
  5356.330  3.832e-16  2.075e-17
  5360.988  3.971e-16  2.091e-17
  5365.646  3.916e-16  2.067e-17
  5370.305  4.129e-16  2.078e-17
  5374.966  3.410e-16  2.015e-17
  5379.626  3.846e-16  2.051e-17
  5384.288  3.416e-16  2.015e-17
  5388.951  3.805e-16  2.038e-17
  5393.614  3.319e-16  1.997e-17
  5398.278  3.478e-16  2.017e-17
  5402.943  3.166e-16  1.965e-17
  5407.609  3.983e-16  2.037e-17
  5412.275  3.703e-16  2.023e-17
  5416.942  3.552e-16  2.006e-17
  5421.610  3.386e-16  1.999e-17
  5426.279  3.675e-16  2.024e-17
  5430.949  4.041e-16  2.052e-17
  5435.619  3.310e-16  1.985e-17
  5440.291  3.686e-16  2.014e-17
  5444.963  3.006e-16  1.948e-17
  5449.636  3.899e-16  2.010e-17
  5454.309  3.609e-16  1.997e-17
  5458.984  3.457e-16  1.974e-17
  5463.659  3.471e-16  1.965e-17
  5468.335  3.120e-16  1.935e-17
  5473.011  3.414e-16  1.944e-17
  5477.689  3.908e-16  1.991e-17
  5482.367  2.968e-16  1.897e-17
  5487.046  3.272e-16  1.932e-17
  5491.726  3.304e-16  1.932e-17
  5496.406  3.477e-16  1.956e-17
  5501.087  3.466e-16  1.959e-17
  5505.769  3.375e-16  1.960e-17
  5510.452  3.487e-16  1.985e-17
  5515.136  3.098e-16  1.939e-17
  5519.820  3.085e-16  1.966e-17
  5524.505  3.764e-16  2.002e-17
  5529.191  3.560e-16  1.989e-17
  5533.877  3.605e-16  2.004e-17
  5538.565  2.976e-16  1.971e-17
  5543.253  2.878e-16  1.961e-17
  5547.941  3.190e-16  2.001e-17
  5552.631  3.698e-16  2.036e-17
  5557.321  3.750e-16  2.055e-17
  5562.012  3.651e-16  2.056e-17
  5566.703  3.410e-16  2.448e-17
  5571.396  5.288e-16  3.975e-17
  5576.089  4.427e-16  4.414e-17
  5580.783  4.219e-16  4.388e-17
  5585.477  1.006e-16  3.930e-17
  5590.173  2.011e-16  2.686e-17
  5594.869  3.458e-16  2.059e-17
  5599.565  3.172e-16  1.993e-17
  5604.263  3.531e-16  2.017e-17
  5608.961  3.355e-16  1.987e-17
  5613.660  2.835e-16  1.957e-17
  5618.359  3.029e-16  1.972e-17
  5623.059  3.608e-16  2.011e-17
  5627.760  2.905e-16  1.958e-17
  5632.462  3.312e-16  1.981e-17
  5637.164  3.173e-16  1.976e-17
  5641.867  2.649e-16  1.919e-17
  5646.571  3.086e-16  1.955e-17
  5651.275  3.175e-16  1.961e-17
  5655.981  3.356e-16  1.966e-17
  5660.686  3.010e-16  1.939e-17
  5665.393  3.469e-16  1.978e-17
  5670.100  2.584e-16  1.912e-17
  5674.808  2.441e-16  1.900e-17
  5679.516  3.393e-16  1.992e-17
  5684.225  3.018e-16  1.953e-17
  5688.935  3.100e-16  1.969e-17
  5693.646  3.314e-16  1.980e-17
  5698.357  3.297e-16  1.994e-17
  5703.069  2.632e-16  1.914e-17
  5707.781  3.279e-16  1.970e-17
  5712.494  3.444e-16  1.999e-17
  5717.208  3.175e-16  1.966e-17
  5721.922  2.809e-16  1.944e-17
  5726.638  3.117e-16  1.981e-17
  5731.353  3.332e-16  1.999e-17
  5736.070  3.912e-16  2.051e-17
  5740.787  3.342e-16  1.990e-17
  5745.504  2.896e-16  1.951e-17
  5750.223  3.337e-16  1.982e-17
  5754.942  3.659e-16  2.022e-17
  5759.661  3.193e-16  1.973e-17
  5764.381  4.255e-16  2.091e-17
  5769.102  4.536e-16  2.125e-17
  5773.824  3.357e-16  2.008e-17
  5778.546  3.024e-16  1.981e-17
  5783.269  2.751e-16  1.940e-17
  5787.992  3.072e-16  1.964e-17
  5792.716  3.063e-16  1.979e-17
  5797.440  2.909e-16  1.965e-17
  5802.166  3.174e-16  1.985e-17
  5806.891  3.036e-16  1.960e-17
  5811.618  3.460e-16  2.020e-17
  5816.345  3.331e-16  2.001e-17
  5821.072  3.125e-16  1.994e-17
  5825.801  3.262e-16  1.998e-17
  5830.530  3.342e-16  1.997e-17
  5835.259  3.346e-16  2.010e-17
  5839.989  3.178e-16  1.981e-17
  5844.720  2.782e-16  1.948e-17
  5849.451  3.114e-16  1.961e-17
  5854.183  3.149e-16  1.973e-17
  5858.915  3.074e-16  1.991e-17
  5863.648  3.403e-16  2.069e-17
  5868.381  3.417e-16  2.074e-17
  5873.116  3.272e-16  2.074e-17
  5877.850  2.868e-16  2.021e-17
  5882.585  3.191e-16  2.160e-17
  5887.321  3.291e-16  2.278e-17
  5892.058  3.364e-16  2.331e-17
  5896.795  3.268e-16  2.306e-17
  5901.532  2.707e-16  2.136e-17
  5906.270  2.925e-16  2.038e-17
  5911.009  3.123e-16  2.016e-17
  5915.748  3.324e-16  2.026e-17
  5920.488  2.939e-16  1.994e-17
  5925.228  2.927e-16  2.004e-17
  5929.969  2.683e-16  1.984e-17
  5934.710  3.152e-16  2.009e-17
  5939.452  3.049e-16  1.985e-17
  5944.195  2.673e-16  1.950e-17
  5948.938  3.743e-16  2.040e-17
  5953.681  3.096e-16  1.978e-17
  5958.426  3.021e-16  1.985e-17
  5963.170  2.878e-16  1.967e-17
  5967.915  2.897e-16  1.941e-17
  5972.661  3.235e-16  1.986e-17
  5977.407  3.347e-16  1.990e-17
  5982.154  2.702e-16  1.930e-17
  5986.901  3.210e-16  1.953e-17
  5991.649  3.090e-16  1.922e-17
  5996.397  2.980e-16  1.930e-17
  6001.146  2.837e-16  1.923e-17
  6005.895  2.723e-16  1.907e-17
  6010.645  2.981e-16  1.916e-17
  6015.395  2.626e-16  1.866e-17
  6020.146  2.813e-16  1.878e-17
  6024.897  2.507e-16  1.860e-17
  6029.649  3.005e-16  1.920e-17
  6034.401  2.682e-16  1.890e-17
  6039.154  2.779e-16  1.887e-17
  6043.908  3.145e-16  1.916e-17
  6048.661  2.894e-16  1.887e-17
  6053.416  2.641e-16  1.869e-17
  6058.170  2.369e-16  1.844e-17
  6062.925  2.763e-16  1.877e-17
  6067.681  2.721e-16  1.876e-17
  6072.437  3.369e-16  1.927e-17
  6077.194  2.636e-16  1.849e-17
  6081.951  2.660e-16  1.848e-17
  6086.708  2.352e-16  1.817e-17
  6091.466  2.733e-16  1.855e-17
  6096.225  2.650e-16  1.844e-17
  6100.984  2.722e-16  1.843e-17
  6105.743  2.554e-16  1.829e-17
  6110.503  2.909e-16  1.867e-17
  6115.263  3.023e-16  1.875e-17
  6120.024  2.789e-16  1.855e-17
  6124.785  3.263e-16  1.887e-17
  6129.547  2.794e-16  1.850e-17
  6134.309  2.303e-16  1.821e-17
  6139.071  3.020e-16  1.896e-17
  6143.834  2.607e-16  1.866e-17
  6148.597  2.859e-16  1.883e-17
  6153.361  2.769e-16  1.863e-17
  6158.125  2.322e-16  1.805e-17
  6162.890  2.785e-16  1.859e-17
  6167.655  2.409e-16  1.817e-17
  6172.420  2.706e-16  1.873e-17
  6177.186  2.784e-16  1.888e-17
  6181.952  2.463e-16  1.837e-17
  6186.719  3.179e-16  1.891e-17
  6191.486  2.493e-16  1.830e-17
  6196.253  2.292e-16  1.836e-17
  6201.021  2.401e-16  1.843e-17
  6205.790  2.788e-16  1.881e-17
  6210.558  2.625e-16  1.876e-17
  6215.327  2.348e-16  1.853e-17
  6220.097  2.514e-16  1.865e-17
  6224.867  2.407e-16  1.882e-17
  6229.637  2.599e-16  1.999e-17
  6234.407  2.658e-16  2.025e-17
  6239.178  2.768e-16  2.046e-17
  6243.950  2.455e-16  2.000e-17
  6248.721  2.330e-16  1.938e-17
  6253.493  2.840e-16  1.997e-17
  6258.266  2.465e-16  1.978e-17
  6263.039  1.887e-16  1.933e-17
  6267.812  2.279e-16  1.960e-17
  6272.585  2.598e-16  1.901e-17
  6277.359  2.164e-16  1.838e-17
  6282.134  2.354e-16  1.929e-17
  6286.908  1.995e-16  1.962e-17
  6291.683  3.779e-16  3.219e-17
  6296.458  3.745e-16  4.117e-17
  6301.234  3.253e-16  4.117e-17
  6306.010  1.935e-16  3.997e-17
  6310.783  7.445e-17  3.048e-17
  6315.563  1.734e-16  1.992e-17
  6320.340  2.853e-16  1.951e-17
  6325.117  2.606e-16  1.981e-17
  6329.895  2.439e-16  1.952e-17
  6334.673  2.227e-16  1.918e-17
  6339.451  2.471e-16  1.899e-17
  6344.229  2.656e-16  1.884e-17
  6349.008  2.418e-16  1.911e-17
  6353.787  2.709e-16  2.198e-17
  6358.567  3.548e-16  2.750e-17
  6363.347  2.486e-16  2.707e-17
  6368.127  3.026e-16  2.717e-17
  6372.907  1.863e-16  2.440e-17
  6377.688  2.187e-16  1.922e-17
  6382.469  2.095e-16  1.854e-17
  6387.250  2.124e-16  1.855e-17
  6392.032  2.529e-16  1.887e-17
  6396.814  2.166e-16  1.834e-17
  6401.596  2.447e-16  1.820e-17
  6406.378  2.357e-16  1.829e-17
  6411.161  2.475e-16  1.850e-17
  6415.944  2.209e-16  1.838e-17
  6420.727  2.364e-16  1.869e-17
  6425.510  2.393e-16  1.862e-17
  6430.294  2.510e-16  1.871e-17
  6435.078  2.361e-16  1.848e-17
  6439.863  2.782e-16  1.888e-17
  6444.647  2.157e-16  1.833e-17
  6449.432  2.572e-16  1.887e-17
  6454.217  2.549e-16  1.895e-17
  6459.002  1.993e-16  1.892e-17
  6463.788  2.559e-16  2.010e-17
  6468.573  2.763e-16  2.038e-17
  6473.359  2.468e-16  2.001e-17
  6478.146  2.441e-16  1.933e-17
  6482.932  1.824e-16  1.810e-17
  6487.719  2.489e-16  1.872e-17
  6492.506  2.554e-16  1.955e-17
  6497.293  2.460e-16  2.011e-17
  6502.080  2.334e-16  2.015e-17
  6506.868  2.253e-16  2.005e-17
  6511.655  2.289e-16  1.934e-17
  6516.443  2.243e-16  1.901e-17
  6521.232  2.456e-16  1.907e-17
  6526.020  2.058e-16  1.927e-17
  6530.809  2.524e-16  2.005e-17
  6535.597  2.600e-16  2.014e-17
  6540.386  1.725e-16  1.946e-17
  6545.175  2.463e-16  2.006e-17
  6549.965  2.391e-16  2.007e-17
  6554.754  2.632e-16  2.032e-17
  6559.544  2.625e-16  2.002e-17
  6564.334  2.083e-16  1.912e-17
  6569.124  2.487e-16  1.952e-17
  6573.914  2.226e-16  1.954e-17
  6578.705  2.413e-16  2.003e-17
  6583.495  1.494e-16  1.900e-17
  6588.286  2.826e-16  2.007e-17
  6593.077  2.809e-16  1.983e-17
  6597.868  2.466e-16  1.987e-17
  6602.659  2.421e-16  2.003e-17
  6607.451  2.286e-16  1.971e-17
  6612.242  2.221e-16  1.942e-17
  6617.034  2.565e-16  1.942e-17
  6621.826  2.453e-16  1.931e-17
  6626.618  2.486e-16  1.950e-17
  6631.410  2.458e-16  1.946e-17
  6636.202  2.634e-16  1.975e-17
  6640.994  2.391e-16  1.934e-17
  6645.787  2.403e-16  1.922e-17
  6650.579  2.321e-16  1.916e-17
  6655.372  2.077e-16  1.895e-17
  6660.165  2.542e-16  1.959e-17
  6664.958  1.883e-16  1.899e-17
  6669.751  2.468e-16  1.965e-17
  6674.544  1.814e-16  1.887e-17
  6679.337  2.775e-16  1.975e-17
  6684.131  2.068e-16  1.895e-17
  6688.924  2.365e-16  1.935e-17
  6693.718  2.435e-16  1.942e-17
  6698.511  2.310e-16  1.940e-17
  6703.305  2.305e-16  1.945e-17
  6708.099  2.113e-16  1.936e-17
  6712.893  2.254e-16  1.952e-17
  6717.687  2.559e-16  1.992e-17
  6722.481  1.892e-16  1.922e-17
  6727.275  2.634e-16  2.027e-17
  6732.069  1.789e-16  1.945e-17
  6736.863  2.236e-16  2.002e-17
  6741.658  2.382e-16  2.020e-17
  6746.452  2.557e-16  2.046e-17
  6751.246  2.429e-16  2.023e-17
  6756.041  1.909e-16  1.951e-17
  6760.835  2.665e-16  2.035e-17
  6765.630  2.070e-16  1.970e-17
  6770.425  2.257e-16  1.989e-17
  6775.219  2.319e-16  1.986e-17
  6780.014  1.846e-16  1.938e-17
  6784.809  1.878e-16  1.950e-17
  6789.604  1.698e-16  1.932e-17
  6794.398  2.134e-16  1.996e-17
  6799.193  2.259e-16  2.009e-17
  6803.988  1.953e-16  1.982e-17
  6808.783  2.530e-16  2.040e-17
  6813.578  2.083e-16  1.989e-17
  6818.373  1.901e-16  2.037e-17
  6823.167  1.604e-16  2.194e-17
  6827.962  2.348e-16  2.455e-17
  6832.757  2.027e-16  2.488e-17
  6837.552  2.251e-16  2.512e-17
  6842.347  1.039e-16  2.233e-17
  6847.142  2.568e-16  2.216e-17
  6851.937  2.065e-16  2.091e-17
  6856.732  2.605e-16  2.318e-17
  6861.526  2.401e-16  2.413e-17
  6866.321  1.982e-16  2.341e-17
  6871.116  1.943e-16  2.304e-17
  6875.911  1.805e-16  2.119e-17
  6880.706  1.311e-16  1.936e-17
  6885.500  1.904e-16  2.039e-17
  6890.295  1.353e-16  1.994e-17
  6895.090  1.417e-16  2.005e-17
  6899.884  1.626e-16  2.019e-17
  6904.679  1.626e-16  2.014e-17
  6909.473  1.824e-16  2.118e-17
  6914.268  1.953e-16  2.161e-17
  6919.062  1.471e-16  2.181e-17
  6923.856  1.788e-16  2.192e-17
  6928.651  1.952e-16  2.166e-17
  6933.445  1.711e-16  2.136e-17
  6938.239  1.273e-16  1.982e-17
  6943.033  2.521e-16  2.269e-17
  6947.827  1.513e-16  2.206e-17
  6952.621  1.693e-16  2.160e-17
  6957.415  1.522e-16  2.140e-17
  6962.208  1.664e-16  2.070e-17
  6967.002  1.392e-16  2.018e-17
  6971.796  1.831e-16  2.173e-17
  6976.589  2.347e-16  2.286e-17
  6981.382  2.138e-16  2.228e-17
  6986.175  1.414e-16  2.096e-17
  6990.969  2.461e-16  2.161e-17
  6995.762  1.565e-16  1.988e-17
  7000.554  2.021e-16  2.065e-17
  7005.347  1.605e-16  2.074e-17
  7010.140  2.041e-16  2.129e-17
  7014.932  1.670e-16  2.066e-17
  7019.725  1.791e-16  2.056e-17
  7024.517  1.094e-16  1.925e-17
  7029.309  1.542e-16  1.991e-17
  7034.101  1.703e-16  2.038e-17
  7038.893  2.049e-16  2.106e-17
  7043.684  2.058e-16  2.162e-17
  7048.476  1.704e-16  2.152e-17
  7053.267  1.657e-16  2.128e-17
  7058.059  1.751e-16  2.131e-17
  7062.850  1.129e-16  2.027e-17
  7067.640  1.887e-16  2.080e-17
  7072.431  1.963e-16  2.106e-17
  7077.222  1.455e-16  2.049e-17
  7082.012  1.731e-16  2.087e-17
  7086.802  1.496e-16  2.059e-17
  7091.592  1.885e-16  2.082e-17
  7096.382  1.290e-16  2.002e-17
  7101.172  1.282e-16  1.997e-17
  7105.961  1.686e-16  2.030e-17
  7110.750  1.749e-16  2.045e-17
  7115.539  1.512e-16  2.014e-17
  7120.328  1.489e-16  2.030e-17
  7125.117  1.305e-16  2.013e-17
  7129.905  1.504e-16  2.053e-17
  7134.693  1.469e-16  2.063e-17
  7139.481  1.691e-16  2.109e-17
  7144.269  1.532e-16  2.123e-17
  7149.057  1.540e-16  2.089e-17
  7153.844  1.520e-16  2.093e-17
  7158.631  1.541e-16  2.061e-17
  7163.418  1.291e-16  2.003e-17
  7168.204  9.680e-17  1.944e-17
  7172.991  1.270e-16  1.934e-17
  7177.777  1.081e-16  1.906e-17
  7182.563  1.399e-16  1.909e-17
  7187.348  9.789e-17  1.808e-17
  7192.134  5.482e-17  1.745e-17
  7196.919  1.432e-16  1.868e-17
  7201.704  8.597e-17  1.809e-17
  7206.488  5.571e-17  1.774e-17
  7211.272  1.339e-16  1.950e-17
  7216.056  8.943e-17  1.903e-17
  7220.840  1.280e-16  2.007e-17
  7225.624  8.900e-17  1.983e-17
  7230.407  8.433e-17  2.006e-17
  7235.190  1.389e-16  2.511e-17
  7239.972  1.548e-16  2.916e-17
  7244.754  1.762e-16  3.048e-17
  7249.536  7.393e-17  2.981e-17
  7254.318  5.199e-17  2.613e-17
  7259.099  7.152e-17  2.146e-17
  7263.880  1.637e-16  2.164e-17
  7268.661  9.866e-17  2.273e-17
  7273.441  1.735e-16  2.726e-17
  7278.222  1.552e-16  2.920e-17
  7283.001  2.970e-17  2.869e-17
  7287.781  1.162e-16  2.805e-17
  7292.560  1.738e-16  2.571e-17
  7297.339  1.344e-16  2.415e-17
  7302.117  1.412e-16  2.344e-17
  7306.895  1.929e-16  2.430e-17
  7311.673  1.418e-16  2.774e-17
  7316.450  1.675e-16  2.824e-17
  7321.227  1.169e-16  2.820e-17
  7326.004  1.710e-16  3.019e-17
  7330.780  1.235e-16  2.621e-17
  7335.556  1.231e-16  2.994e-17
  7340.331  9.737e-17  3.109e-17
  7345.106  1.871e-16  2.996e-17
  7349.881  1.029e-16  2.942e-17
  7354.655  1.609e-16  2.734e-17
  7359.429  1.523e-16  2.539e-17
  7364.203  1.533e-16  2.863e-17
  7368.976  9.073e-17  2.841e-17
  7373.749  1.546e-16  2.751e-17
  7378.522  1.865e-16  2.764e-17
  7383.297  1.478e-16  2.572e-17
  7388.065  5.663e-17  2.300e-17
  7392.836  1.569e-16  2.486e-17
  7397.607  2.044e-16  2.826e-17
  7402.377  1.169e-16  2.778e-17
  7407.147  1.092e-16  2.610e-17
  7411.917  1.597e-16  2.649e-17
  7416.686  8.274e-17  2.267e-17
  7421.454  1.645e-16  2.328e-17
  7426.222  1.531e-16  2.404e-17
  7430.990  1.353e-16  2.448e-17
  7435.757  1.663e-16  2.631e-17
  7440.524  1.688e-16  2.630e-17
  7445.290  1.553e-16  2.547e-17
  7450.056  1.364e-16  2.457e-17
  7454.822  1.438e-16  2.336e-17
  7459.587  1.626e-16  2.443e-17
  7464.351  7.416e-17  2.424e-17
  7469.115  1.214e-16  2.632e-17
  7473.879  2.055e-16  2.842e-17
  7478.642  2.249e-16  2.968e-17
  7483.404  1.837e-16  2.887e-17
  7488.166  1.120e-16  2.699e-17
  7492.928  1.417e-16  2.619e-17
  7497.689  1.707e-16  2.475e-17
  7502.449  1.696e-16  2.402e-17
  7507.209  1.908e-16  2.415e-17
  7511.969  1.591e-16  2.365e-17
  7516.728  1.625e-16  2.545e-17
  7521.486  1.108e-16  2.792e-17
  7526.244  2.134e-16  3.034e-17
  7531.002  2.084e-16  3.022e-17
  7535.759  2.489e-16  2.987e-17
  7540.515  1.553e-16  2.562e-17
  7545.271  2.235e-16  2.543e-17
  7550.026  1.779e-16  2.468e-17
  7554.781  2.433e-16  2.634e-17
  7559.535  2.612e-16  2.633e-17
  7564.289  1.468e-16  2.595e-17
  7569.042  2.044e-16  2.897e-17
  7573.795  1.596e-16  2.770e-17
  7578.546  1.489e-16  2.806e-17
  7583.298  1.098e-16  2.718e-17
  7588.049  1.195e-16  2.474e-17
  7592.799  1.417e-16  2.460e-17
  7597.549  1.360e-16  2.326e-17
  7602.298  1.306e-16  2.080e-17
  7607.046  4.282e-17  1.754e-17
  7611.794  7.035e-17  1.847e-17
  7616.541  5.596e-17  1.925e-17
  7621.288  3.649e-17  2.025e-17
  7626.034  8.044e-17  2.194e-17
  7630.779  7.009e-17  2.111e-17
  7635.524  1.535e-16  2.219e-17
  7640.269  9.716e-17  2.103e-17
  7645.012  9.275e-17  2.101e-17
  7649.755  7.367e-17  2.165e-17
  7654.497  1.418e-16  2.429e-17
  7659.239  1.013e-16  2.445e-17
  7663.980  1.015e-16  2.506e-17
  7668.721  1.173e-16  2.540e-17
  7673.460  1.418e-16  2.599e-17
  7678.200  1.319e-16  2.580e-17
  7682.938  1.061e-16  2.551e-17
  7687.676  2.898e-16  2.989e-17
  7692.413  1.295e-16  2.759e-17
  7697.149  1.696e-16  2.919e-17
  7701.885  1.470e-16  2.853e-17
  7706.620  1.641e-16  3.376e-17
  7711.355  7.408e-17  3.915e-17
  7716.089  1.227e-16  4.164e-17
  7720.822  2.526e-16  4.473e-17
  7725.554  7.789e-18  3.886e-17
  7730.286  1.127e-16  3.396e-17
  7735.017  1.125e-16  3.114e-17
  7739.747  2.780e-17  2.800e-17
  7744.477  1.661e-16  3.733e-17
  7749.206  6.424e-17  3.937e-17
  7753.934  1.856e-16  4.301e-17
  7758.661  1.574e-16  4.323e-17
  7763.388  1.336e-16  3.863e-17
  7768.114  2.513e-16  3.778e-17
  7772.839  2.109e-16  3.617e-17
  7777.564  1.134e-16  3.465e-17
  7782.287  1.735e-16  3.603e-17
  7787.010  1.867e-16  3.945e-17
  7791.732  2.579e-16  4.301e-17
  7796.454  2.216e-16  4.108e-17
  7801.175  1.478e-16  4.136e-17
  7805.895  6.420e-17  3.901e-17
  7810.614  1.101e-16  3.696e-17
  7815.332  1.680e-16  4.510e-17
  7820.050  1.329e-16  4.651e-17
  7824.767  1.692e-16  4.597e-17
  7829.483  2.375e-16  4.783e-17
  7834.198  2.359e-16  4.476e-17
  7838.913  1.639e-16  4.080e-17
  7843.627  1.465e-16  4.396e-17
  7848.339  4.539e-17  5.285e-17
  7853.052  1.346e-16  5.665e-17
  7857.763  1.820e-16  5.833e-17
  7862.473  9.672e-17  5.839e-17
  7867.183 -4.786e-17  5.105e-17
  7871.892  6.299e-17  5.169e-17
  7876.600  6.295e-17  5.295e-17
  7881.307  1.844e-16  5.572e-17
  7886.013  8.166e-17  5.410e-17
  7890.719  1.591e-16  5.426e-17
  7895.423 -4.032e-17  4.829e-17
  7900.127  1.634e-16  5.032e-17
  7904.830  1.463e-16  5.244e-17
  7909.532  1.637e-16  6.154e-17
  7914.233  1.664e-16  6.733e-17
  7918.934 -1.266e-17  6.658e-17
  7923.633  2.232e-16  7.041e-17
  7928.332  1.755e-16  6.295e-17
  7933.030  3.420e-16  6.125e-17
  7937.727  2.488e-16  5.827e-17
  7942.423 -5.738e-17  5.211e-17
  7947.118  2.768e-16  5.928e-17
  7951.812  8.677e-17  5.486e-17
  7956.505 -9.866e-17  5.796e-17
  7961.197  2.085e-17  6.528e-17
  7965.889  1.729e-16  7.063e-17
  7970.579  1.884e-16  7.251e-17
  7975.269  3.678e-16  7.085e-17
  7979.958 -1.924e-16  6.915e-17
  7984.646  4.034e-16  7.194e-17
  7989.332  1.846e-16  8.337e-17
