# OBJECT: ZTF26abfwmqc
# INSTRUMENT: SEDM
# TELESCOPE: Palomar 1.5m
# OBSDATE: 2026-07-25
# OBSERVED_AT: 2026-07-25T10:42:00
# FILENAME: spec_auto_contsep_lstep1__crr_b_ifu20260725_10_42_00_ZTF26abfwmqc.txt
# SOURCE: reconstructed from Fritz wavelengths/fluxes/errors
# COLUMNS: wavelength flux fluxerr
3776.7	-1.937e-16	1.502e-32
3802.3	-4.411e-17	1.491e-32
3827.9	-3.594e-17	9.936e-33
3853.4	1.419e-16	6.179e-34
3879.0	4.491e-17	1.11e-32
3904.6	-9.117e-19	8.527e-33
3930.1	8.216e-17	7.055e-33
3955.7	1.563e-16	5.49e-33
3981.3	1.78e-16	5.04e-33
4006.8	2.823e-16	4.07e-33
4032.4	2.584e-16	3.247e-33
4058.0	1.529e-16	2.478e-33
4083.6	3.287e-17	2.266e-33
4109.1	5.291e-17	1.997e-33
4134.7	1.033e-17	1.647e-33
4160.3	1.977e-17	1.529e-33
4185.8	4.25e-17	1.372e-33
4211.4	8.512e-17	1.1e-33
4237.0	7.64e-17	1.152e-34
4262.6	4.174e-17	1.319e-34
4288.1	1.419e-16	8.118e-34
4313.7	1.153e-16	8.405e-34
4339.3	1.35e-16	9.094e-34
4364.8	1.349e-16	7.652e-34
4390.4	1.346e-16	7.031e-34
4416.0	1.585e-16	5.056e-34
4441.6	1.473e-16	8.1e-34
4467.1	1.55e-16	6.675e-34
4492.7	1.383e-16	5.39e-34
4518.3	1.361e-16	7.004e-34
4543.8	1.286e-16	4.575e-34
4569.4	1.01e-16	1.041e-32
4595.0	9.968e-17	4.732e-34
4620.5	8.023e-17	3.001e-34
4646.1	7.513e-17	3.463e-34
4671.7	7.694e-17	2.086e-34
4697.3	6.704e-17	2.419e-34
4722.8	7.698e-17	3.918e-34
4748.4	5.446e-17	2.23e-34
4774.0	6.867e-17	3.724e-34
4799.5	3.589e-17	1.922e-34
4825.1	8.207e-17	3.385e-34
4850.7	6.169e-17	2.123e-34
4876.3	6.264e-17	3.133e-34
4901.8	7.93e-17	1.703e-34
4927.4	6.838e-17	1.518e-34
4953.0	1.232e-16	3.34e-34
4978.5	1.064e-16	2.335e-34
5004.1	1.322e-16	2.148e-34
5029.7	1.245e-16	2.135e-34
5055.3	1.003e-16	1.593e-34
5080.8	1.028e-16	2.198e-34
5106.4	9.091e-17	1.443e-34
5132.0	8.959e-17	2.259e-34
5157.5	7.69e-17	1.013e-34
5183.1	6.433e-17	8.74e-35
5208.7	6.721e-17	3.448e-33
5234.2	4.973e-17	1.729e-34
5259.8	7.322e-17	1.789e-34
5285.4	7.457e-17	1.381e-34
5311.0	4.74e-17	1.098e-34
5336.5	4.92e-17	7.216e-35
5362.1	5.007e-17	6.152e-35
5387.7	5.124e-17	9.616e-35
5413.2	7.663e-17	1.531e-34
5438.8	7.436e-17	9.418e-35
5464.4	3.596e-17	1.847e-34
5490.0	4.056e-17	1.052e-34
5515.5	6.105e-17	3.92e-34
5541.1	6.79e-17	1.074e-34
5566.7	6.089e-17	7.279e-35
5592.2	6.443e-17	9.629e-35
5617.8	7.83e-17	1.746e-34
5643.4	7.599e-17	1.69e-34
5668.9	7.971e-17	1.053e-34
5694.5	7.778e-17	1.391e-33
5720.1	7.557e-17	6.287e-35
5745.7	9.111e-17	1.068e-34
5771.2	7.366e-17	7.745e-35
5796.8	7.375e-17	7.408e-35
5822.4	6.107e-17	8.056e-35
5847.9	5.008e-17	7.066e-35
5873.5	6.802e-17	1.002e-33
5899.1	7.467e-17	8.358e-34
5924.7	6.914e-17	1.382e-34
5950.2	5.705e-17	4.596e-35
5975.8	4.921e-17	6.344e-35
6001.4	4.026e-17	5.097e-35
6026.9	6.569e-17	8.504e-35
6052.5	6.096e-17	5.652e-35
6078.1	5.586e-17	6.411e-34
6103.7	7.409e-17	6.165e-35
6129.2	5.942e-17	1.075e-33
6154.8	5.746e-17	5.487e-35
6180.4	6.507e-17	6.537e-34
6205.9	7.351e-17	5.683e-35
6231.5	5.864e-17	5.158e-35
6257.1	6.532e-17	5.503e-35
6282.6	6.149e-17	4.571e-35
6308.2	5.165e-17	3.382e-35
6333.8	5.788e-17	2.369e-35
6359.4	5.221e-17	3.456e-35
6384.9	5.703e-17	3.513e-35
6410.5	5.163e-17	4.167e-35
6436.1	6.809e-17	3.171e-34
6461.6	6.554e-17	5.885e-34
6487.2	5.69e-17	2.797e-35
6512.8	6.253e-17	6.572e-34
6538.4	5.586e-17	5.284e-35
6563.9	5.208e-17	2.801e-35
6589.5	5.379e-17	3.153e-35
6615.1	5.967e-17	3.34e-35
6640.6	5.617e-17	3.489e-35
6666.2	4.253e-17	1.933e-35
6691.8	3.119e-17	4.731e-35
6717.4	3.275e-17	7.37e-35
6742.9	3.033e-17	3.252e-35
6768.5	3.432e-17	1.617e-35
6794.1	2.98e-17	1.791e-35
6819.6	3.458e-17	2.885e-35
6845.2	3.891e-17	2.188e-35
6870.8	4.729e-17	5.641e-35
6896.3	4.126e-17	2.871e-35
6921.9	4.873e-17	4.265e-34
6947.5	5.415e-17	2.869e-35
6973.1	5.179e-17	2.863e-35
6998.6	5.023e-17	3.218e-34
7024.2	5.163e-17	2.211e-35
7049.8	3.86e-17	2.712e-34
7075.3	3.987e-17	1.339e-35
7100.9	4.282e-17	3.03e-34
7126.5	4.39e-17	2.485e-35
7152.1	3.822e-17	3.551e-34
7177.6	3.667e-17	4.354e-34
7203.2	4.039e-17	2.992e-35
7228.8	4.276e-17	5.363e-35
7254.3	4.164e-17	2.314e-35
7279.9	3.605e-17	1.799e-35
7305.5	3.235e-17	2.391e-35
7331.1	3.357e-17	2.616e-35
7356.6	3.179e-17	2.109e-35
7382.2	2.869e-17	1.737e-35
7407.8	3.203e-17	1.988e-35
7433.3	3.63e-17	2.008e-35
7458.9	3.47e-17	1.741e-35
7484.5	3.079e-17	1.613e-35
7510.0	2.901e-17	1.332e-35
7535.6	2.914e-17	1.545e-35
7561.2	3.004e-17	1.202e-35
7586.8	2.42e-17	1.401e-35
7612.3	2.89e-17	2.7e-35
7637.9	2.822e-17	3.116e-35
7663.5	2.248e-17	3.153e-35
7689.0	1.695e-17	2.977e-35
7714.6	1.844e-17	3.451e-35
7740.2	1.822e-17	3.404e-35
7765.8	1.639e-17	3.145e-35
7791.3	2.019e-17	2.167e-35
7816.9	2.345e-17	1.829e-35
7842.5	2.343e-17	1.693e-35
7868.0	2.314e-17	2.521e-35
7893.6	2.14e-17	2.788e-35
7919.2	2.108e-17	3.114e-35
7944.7	2.42e-17	2.732e-35
7970.3	1.945e-17	2.075e-35
7995.9	1.469e-17	1.813e-35
8021.5	1.672e-17	1.873e-35
8047.0	2.102e-17	1.837e-35
8072.6	2.342e-17	1.934e-35
8098.2	2.139e-17	2.124e-35
8123.7	1.707e-17	3.017e-35
8149.3	1.429e-17	2.903e-35
8174.9	1.154e-17	2.103e-35
8200.5	1.04e-17	1.346e-35
8226.0	1.165e-17	1.214e-35
8251.6	1.041e-17	3.27e-35
8277.2	9.602e-18	4.087e-35
8302.7	8.329e-18	5.359e-35
8328.3	8.056e-18	9.44e-35
8353.9	3.159e-18	5.599e-35
8379.5	9.233e-18	5.175e-35
8405.0	1.647e-17	3.589e-35
8430.6	1.71e-17	3.837e-35
8456.2	1.54e-17	3.5e-35
8481.7	1.617e-17	2.85e-35
8507.3	1.959e-17	2.716e-35
8532.9	1.919e-17	4.043e-35
8558.4	1.475e-17	4.345e-35
8584.0	1.121e-17	3.258e-35
8609.6	1.008e-17	1.738e-35
8635.2	1.089e-17	2.451e-35
8660.7	1.036e-17	2.78e-35
8686.3	1.137e-17	1.553e-35
8711.9	1.176e-17	1.792e-35
8737.4	8.274e-18	2.672e-35
8763.0	4.182e-18	1.859e-35
8788.6	3.799e-18	5.904e-35
8814.2	5.186e-18	9.995e-35
8839.7	1.132e-17	8.131e-35
8865.3	1.49e-17	5.18e-35
8890.9	1.476e-17	6.325e-35
8916.4	1.603e-17	8.362e-35
8942.0	1.881e-17	9.734e-35
8967.6	1.84e-17	7.602e-35
8993.2	2.501e-17	5.435e-35
9018.7	2.356e-17	5.701e-35
9044.3	1.881e-17	4.655e-35
9069.9	1.96e-17	2.935e-35
9095.4	3.392e-17	2.056e-35
9121.0	1.108e-17	3.394e-35
9146.6	8.071e-18	3.309e-35
9172.1	2.598e-18	3.088e-35
9197.7	-4.042e-18	3.881e-35
9223.3	-7.662e-18	6.538e-35
