# OBJECT: ZTF26abgxhag
# INSTRUMENT: SEDM
# TELESCOPE: Palomar 1.5m
# OBSDATE: 2026-07-27
# OBSERVED_AT: 2026-07-27T07:24:24
# FILENAME: spec_auto_contsep_lstep1__crr_b_ifu20260727_07_24_24_ZTF26abgxhag.txt
# SOURCE: reconstructed from Fritz wavelengths/fluxes/errors
# COLUMNS: wavelength flux fluxerr
3776.7	7.895e-17	2.738e-32
3802.3	1.397e-16	2.119e-32
3827.9	3.016e-16	2.465e-32
3853.4	1.488e-16	1.831e-32
3879.0	1.4e-16	1.236e-32
3904.6	1.834e-16	1.178e-32
3930.1	1.619e-16	1.438e-32
3955.7	2.42e-16	8.761e-33
3981.3	3.41e-16	7.899e-33
4006.8	1.179e-16	6.65e-33
4032.4	1.232e-16	5.813e-33
4058.0	5.154e-17	5.019e-33
4083.6	3.976e-17	4.145e-33
4109.1	3.941e-17	4.498e-33
4134.7	1.522e-16	4.73e-33
4160.3	4.415e-17	3.929e-33
4185.8	1.498e-16	4.161e-33
4211.4	1.583e-16	2.93e-33
4237.0	2.095e-16	3.621e-33
4262.6	1.108e-16	3.485e-33
4288.1	1.622e-16	2.799e-33
4313.7	9.563e-17	4.196e-33
4339.3	1.279e-16	3.584e-33
4364.8	1.787e-16	3.36e-33
4390.4	1.452e-16	3.566e-33
4416.0	1.977e-16	2.925e-33
4441.6	1.859e-16	2.489e-33
4467.1	1.515e-16	3.893e-33
4492.7	1.757e-16	2.729e-33
4518.3	1.902e-16	2.569e-33
4543.8	1.524e-16	2.315e-33
4569.4	1.298e-16	1.822e-33
4595.0	1.644e-16	2.264e-33
4620.5	1.134e-16	1.958e-33
4646.1	8.79e-17	2.076e-33
4671.7	8.606e-17	1.298e-33
4697.3	9.713e-17	1.738e-33
4722.8	8.418e-17	1.529e-33
4748.4	9.512e-17	1.466e-33
4774.0	6.998e-17	1.302e-33
4799.5	9.753e-17	1.219e-33
4825.1	8.839e-17	1.06e-33
4850.7	9.77e-17	1.24e-33
4876.3	1.51e-16	9.836e-34
4901.8	1.058e-16	8.281e-34
4927.4	1.332e-16	1.05e-33
4953.0	1.673e-16	1.192e-33
4978.5	1.379e-16	1.14e-33
5004.1	1.368e-16	9.495e-34
5029.7	1.167e-16	8.551e-34
5055.3	1.096e-16	7.295e-34
5080.8	1.278e-16	7.182e-34
5106.4	7.984e-17	7.2e-34
5132.0	8.669e-17	9.476e-34
5157.5	7.931e-17	9.042e-34
5183.1	7.558e-17	6.149e-34
5208.7	7.188e-17	6.38e-34
5234.2	6.483e-17	6.309e-34
5259.8	7.756e-17	5.169e-34
5285.4	5.198e-17	4.766e-34
5311.0	5.378e-17	3.237e-34
5336.5	6.757e-17	5.8e-34
5362.1	6.322e-17	4.387e-34
5387.7	6.783e-17	3.758e-34
5413.2	5.699e-17	3.997e-34
5438.8	4.906e-17	4.366e-34
5464.4	6.934e-17	3.509e-34
5490.0	7.291e-17	3.429e-34
5515.5	7.644e-17	4.405e-34
5541.1	9.762e-17	4.212e-34
5566.7	8.345e-17	3.121e-34
5592.2	8.964e-17	2.693e-34
5617.8	1.035e-16	4.505e-34
5643.4	8.161e-17	3.639e-34
5668.9	8.516e-17	3.678e-34
5694.5	8.295e-17	2.97e-34
5720.1	7.309e-17	3.011e-34
5745.7	9.396e-17	2.156e-34
5771.2	7.957e-17	2.362e-34
5796.8	7.504e-17	2.956e-34
5822.4	7.13e-17	1.949e-34
5847.9	8.175e-17	2.034e-34
5873.5	6.79e-17	1.894e-34
5899.1	6.848e-17	2.274e-34
5924.7	6.33e-17	2.324e-34
5950.2	6.21e-17	2.183e-34
5975.8	5.421e-17	1.884e-34
6001.4	6.71e-17	1.357e-34
6026.9	6.968e-17	1.533e-34
6052.5	6.108e-17	1.775e-34
6078.1	7.149e-17	2.007e-34
6103.7	8.436e-17	1.712e-34
6129.2	8.362e-17	1.549e-34
6154.8	8.035e-17	1.466e-34
6180.4	8.627e-17	1.507e-34
6205.9	9.059e-17	1.323e-34
6231.5	7.405e-17	1.31e-34
6257.1	6.653e-17	1.198e-34
6282.6	7.289e-17	1.034e-34
6308.2	6.968e-17	9.774e-35
6333.8	7.626e-17	9.637e-35
6359.4	8.435e-17	1.119e-34
6384.9	7.302e-17	1.088e-34
6410.5	7.623e-17	9.742e-35
6436.1	7.464e-17	8.269e-35
6461.6	7.162e-17	1.101e-34
6487.2	7.215e-17	1.017e-34
6512.8	6.112e-17	8.319e-35
6538.4	4.799e-17	8.891e-35
6563.9	3.788e-17	7.297e-35
6589.5	2.136e-17	8.929e-35
6615.1	1.61e-17	7.691e-35
6640.6	2.727e-17	6.497e-35
6666.2	2.804e-17	6.969e-35
6691.8	3.311e-17	7.429e-35
6717.4	3.367e-17	5.639e-35
6742.9	3.4e-17	7.731e-35
6768.5	5.073e-17	5.651e-35
6794.1	5.713e-17	6.623e-35
6819.6	6.013e-17	5.003e-35
6845.2	7.236e-17	6.143e-35
6870.8	6.675e-17	4.774e-35
6896.3	6.362e-17	5.147e-35
6921.9	6.435e-17	4.611e-35
6947.5	6.445e-17	5.068e-35
6973.1	5.653e-17	4.817e-35
6998.6	5.714e-17	5.446e-35
7024.2	5.904e-17	6.009e-35
7049.8	5.46e-17	4.93e-35
7075.3	5.756e-17	4e-35
7100.9	5.883e-17	4.234e-35
7126.5	5.339e-17	3.435e-35
7152.1	4.56e-17	4e-35
7177.6	5.081e-17	5.925e-35
7203.2	5.783e-17	5.43e-35
7228.8	5.242e-17	4.682e-35
7254.3	4.024e-17	4.301e-35
7279.9	4.267e-17	3.473e-35
7305.5	4.168e-17	4.298e-35
7331.1	3.256e-17	3.236e-35
7356.6	3.391e-17	3.357e-35
7382.2	4.205e-17	3.609e-35
7407.8	4.154e-17	3.49e-35
7433.3	3.472e-17	3.104e-35
7458.9	3.413e-17	2.634e-35
7484.5	3.957e-17	2.162e-35
7510.0	4.407e-17	2.696e-35
7535.6	3.643e-17	2.776e-35
7561.2	2.961e-17	4.661e-35
7586.8	3.519e-17	4.823e-35
7612.3	3.722e-17	5.549e-35
7637.9	2.821e-17	1.058e-34
7663.5	2.431e-17	7.844e-35
7689.0	3.176e-17	3.577e-35
7714.6	3.352e-17	3.705e-35
7740.2	2.701e-17	3.559e-35
7765.8	2.383e-17	3.349e-35
7791.3	2.515e-17	3.481e-35
7816.9	2.404e-17	2.557e-35
7842.5	1.889e-17	2.424e-35
7868.0	1.79e-17	2.898e-35
7893.6	1.802e-17	2.414e-35
7919.2	1.884e-17	2.517e-35
7944.7	1.999e-17	2.435e-35
7970.3	1.822e-17	2.873e-35
7995.9	1.71e-17	1.984e-35
8021.5	1.759e-17	2.431e-35
8047.0	1.902e-17	1.872e-35
8072.6	1.56e-17	2.15e-35
8098.2	9.946e-18	2.359e-35
8123.7	1.136e-17	2.5e-35
8149.3	1.567e-17	2.925e-35
8174.9	1.501e-17	2.638e-35
8200.5	1.626e-17	3.123e-35
8226.0	1.665e-17	3.421e-35
8251.6	1.526e-17	3.067e-35
8277.2	1.659e-17	3.443e-35
8302.7	1.557e-17	2.752e-35
8328.3	1.256e-17	3.409e-35
8353.9	1.514e-17	4.145e-35
8379.5	1.9e-17	3.63e-35
8405.0	1.717e-17	3.321e-35
8430.6	1.529e-17	3.044e-35
8456.2	1.788e-17	2.439e-35
8481.7	1.974e-17	1.91e-35
8507.3	1.848e-17	2.136e-35
8532.9	1.599e-17	1.977e-35
8558.4	1.624e-17	2.494e-35
8584.0	2.099e-17	2.122e-35
8609.6	2.462e-17	2.424e-35
8635.2	2.171e-17	2.508e-35
8660.7	1.512e-17	3.383e-35
8686.3	1.118e-17	2.027e-35
8711.9	1.237e-17	2.149e-35
8737.4	1.293e-17	2.102e-35
8763.0	1.097e-17	2.753e-35
8788.6	9.688e-18	3.124e-35
8814.2	9.033e-18	4.328e-35
8839.7	1.171e-17	2.845e-35
8865.3	1.067e-17	3.292e-35
8890.9	8.656e-18	3.446e-35
8916.4	7.751e-18	3.417e-35
8942.0	7.979e-18	3.289e-35
8967.6	1.188e-17	4.337e-35
8993.2	1.703e-17	6.28e-35
9018.7	1.901e-17	4.458e-35
9044.3	1.962e-17	4.201e-35
9069.9	1.49e-17	4.778e-35
9095.4	8.893e-18	4.455e-35
9121.0	1.613e-17	3.916e-35
9146.6	2.27e-17	3.44e-35
9172.1	1.437e-17	3.552e-35
9197.7	1.546e-17	4.206e-35
9223.3	2.243e-17	5.389e-35
