3065.6	-14.524
3066.6	6.6528
3067.7	-27.352
3068.7	3.6919
3069.7	-14.35
3070.8	10.097
3071.8	-25.656
3072.8	16.262
3073.9	-34.988
3074.9	-17.213
3075.9	0.53657
3077.0	0.59006
3078.0	1.3397
3079.0	-24.561
3080.1	-8.7545
3081.1	1.3237
3082.1	21.421
3083.2	-15.433
3084.2	-0.9163
3085.2	12.964
3086.3	-9.7244
3087.3	0.37591
3088.3	3.7938
3089.4	34.256
3090.4	-25.145
3091.4	15.36
3092.5	-10.668
3093.5	7.494
3094.5	11.522
3095.6	2.5995
3096.6	22.786
3097.6	5.7897
3098.7	5.7417
3099.7	12.103
3100.7	-18.263
3101.8	20.976
3102.8	13.979
3103.8	23.763
3104.9	7.1779
3105.9	-5.9221
3106.9	-9.5115
3108.0	9.1059
3109.0	9.827
3110.0	14.442
3111.1	-10.128
3112.1	-4.2523
3113.1	-4.9976
3114.2	-7.0204
3115.2	-3.1055
3116.2	-0.17592
3117.3	-3.8308
3118.3	3.0282
3119.3	13.099
3120.4	2.4531
3121.4	13.618
3122.4	2.7781
3123.5	3.9618
3124.5	5.8252
3125.5	5.253
3126.6	1.304
3127.6	-6.8729
3128.6	-5.9642
3129.7	-4.7071
3130.7	9.5653
3131.7	1.4102
3132.8	11.213
3133.8	12.421
3134.8	-3.7831
3135.9	-10.52
3136.9	0.96137
3137.9	-10.071
3139.0	-9.6487
3140.0	13.152
3141.0	5.0867
3142.1	23.91
3143.1	5.8752
3144.1	-5.8846
3145.2	-13.186
3146.2	3.7288
3147.2	0.76224
3148.3	5.8665
3149.3	16.553
3150.3	15.174
3151.4	11.65
3152.4	4.2959
3153.4	11.326
3154.5	2.5921
3155.5	-1.1717
3156.5	3.5213
3157.6	11.783
3158.6	-9.4044
3159.6	-1.8961
3160.7	-0.32433
3161.7	4.5641
3162.7	6.0824
3163.8	-6.5424
3164.8	14.936
3165.8	-5.0857
3166.9	-7.4358
3167.9	19.154
3168.9	17.227
3170.0	15.694
3171.0	19.468
3172.0	3.501
3173.1	14.574
3174.1	7.9563
3175.1	-1.7287
3176.2	7.2429
3177.2	-4.7101
3178.2	-1.5839
3179.3	0.47931
3180.3	1.1374
3181.3	10.276
3182.4	5.3246
3183.4	-1.3232
3184.4	13.83
3185.5	-1.764
3186.5	10.027
3187.5	-5.7006
3188.6	6.2638
3189.6	-6.7395
3190.6	-9.7356
3191.7	-6.6226
3192.7	2.5051
3193.7	2.9601
3194.8	1.2105
3195.8	-13.18
3196.8	-0.65334
3197.9	14.7
3198.9	16.202
3199.9	9.8133
3201.0	-1.9178
3202.0	7.226
3203.0	11.326
3204.1	-6.3473
3205.1	9.4434
3206.1	11.716
3207.2	3.3401
3208.2	1.7428
3209.2	1.4682
3210.3	5.6995
3211.3	-1.0818
3212.3	-7.2326
3213.4	4.8403
3214.4	6.1997
3215.4	-4.8624
3216.5	0.27896
3217.5	-4.3665
3218.5	-3.611
3219.6	1.8819
3220.6	-6.6448
3221.6	-6.3988
3222.7	16.452
3223.7	-7.3849
3224.7	-4.4769
3225.8	10.399
3226.8	1.6117
3227.8	21.365
3228.9	0.60397
3229.9	0.030182
3230.9	-6.7806
3231.9	12.962
3233.0	-1.3243
3234.0	2.0767
3235.0	7.3954
3236.1	11.919
3237.1	3.6263
3238.1	-9.9756
3239.2	6.6716
3240.2	-1.9235
3241.2	21.118
3242.3	-6.4123
3243.3	-6.1063
3244.3	11.455
3245.4	23.599
3246.4	4.3261
3247.4	1.6799
3248.5	16.082
3249.5	0.054228
3250.5	6.8604
3251.6	16.411
3252.6	0.90981
3253.6	6.2538
3254.7	-1.8188
3255.7	12.706
3256.7	8.3113
3257.8	2.6949
3258.8	-0.29906
3259.8	6.3205
3260.9	9.0294
3261.9	16.247
3262.9	6.5865
3264.0	8.0029
3265.0	-0.66248
3266.0	15.675
3267.1	-0.080987
3268.1	-9.0252
3269.1	8.8226
3270.2	5.6578
3271.2	2.008
3272.2	4.6845
3273.3	-6.0439
3274.3	17.486
3275.3	-4.6819
3276.4	14.399
3277.4	1.8947
3278.4	5.0017
3279.5	6.3447
3280.5	11.806
3281.5	-3.9764
3282.5	14.742
3283.6	-1.5978
3284.6	1.6937
3285.6	9.1215
3286.7	2.0674
3287.7	7.0825
3288.7	1.9577
3289.8	-0.30991
3290.8	17.993
3291.8	-2.777
3292.9	9.0282
3293.9	15.137
3294.9	8.0922
3296.0	-6.0623
3297.0	17.751
3298.0	4.8651
3299.1	16.73
3300.1	11.346
3301.1	21.246
3302.2	5.9991
3303.2	8.3836
3304.2	6.4161
3305.3	-10.068
3306.3	-2.8754
3307.3	9.7025
3308.4	-1.6393
3309.4	-8.4625
3310.4	-4.0797
3311.4	2.0971
3312.5	1.8606
3313.5	6.0938
3314.5	-7.6523
3315.6	5.4406
3316.6	7.6284
3317.6	4.6931
3318.7	7.9645
3319.7	12.381
3320.7	20.448
3321.8	6.0136
3322.8	4.4662
3323.8	-10.031
3324.9	11.233
3325.9	-11.426
3326.9	3.0975
3328.0	9.2524
3329.0	9.0465
3330.0	-6.0621
3331.1	1.7494
3332.1	-4.55
3333.1	12.896
3334.1	6.0863
3335.2	7.081
3336.2	-1.9484
3337.2	0.97945
3338.3	-8.9011
3339.3	7.9501
3340.3	3.3633
3341.4	6.1835
3342.4	8.8047
3343.4	-10.233
3344.5	2.7235
3345.5	7.37
3346.5	-7.1304
3347.6	12.407
3348.6	4.6567
3349.6	7.3214
3350.7	9.6837
3351.7	14.009
3352.7	12.219
3353.7	-10.504
3354.8	-2.2072
3355.8	16.298
3356.8	-0.58547
3357.9	6.0937
3358.9	0.1166
3359.9	8.4366
3361.0	0.18077
3362.0	1.5422
3363.0	4.0639
3364.1	2.6794
3365.1	0.76885
3366.1	4.3273
3367.2	-5.2678
3368.2	4.1544
3369.2	5.3677
3370.2	-1.0558
3371.3	14.419
3372.3	6.0464
3373.3	7.5625
3374.4	7.89
3375.4	-8.5168
3376.4	2.8759
3377.5	7.9365
3378.5	4.8359
3379.5	9.1715
3380.6	-0.70931
3381.6	4.7442
3382.6	5.372
3383.7	-2.4663
3384.7	-0.25346
3385.7	10.537
3386.7	5.1568
3387.8	-0.7269
3388.8	4.1602
3389.8	5.5168
3390.9	3.09
3391.9	6.8356
3392.9	2.0795
3394.0	2.2147
3395.0	7.9783
3396.0	8.474
3397.1	39.739
3398.1	1.1697
3399.1	5.9415
3400.1	4.2265
3401.2	7.9041
3402.2	11.527
3403.2	6.6984
3404.3	9.1083
3405.3	3.7587
3406.3	9.1981
3407.4	5.0963
3408.4	6.7595
3409.4	6.3386
3410.4	1.8425
3411.5	4.2695
3412.5	1.2665
3413.5	1.2561
3414.6	2.3281
3415.6	3.3219
3416.6	1.3519
3417.7	3.773
3418.7	4.195
3419.7	-2.0601
3420.7	-1.5633
3421.8	-1.3004
3422.8	-0.086292
3423.8	-4.3778
3424.9	2.3274
3425.9	10.939
3426.9	2.1807
3428.0	8.6695
3429.0	11.592
3430.0	10.681
3431.1	7.6439
3432.1	-3.3662
3433.1	6.0121
3434.1	11.862
3435.2	7.5553
3436.2	1.1086
3437.2	-5.0614
3438.3	1.3954
3439.3	5.9083
3440.3	5.5125
3441.3	5.3871
3442.4	7.2564
3443.4	11.418
3444.4	-0.98222
3445.5	10.355
3446.5	-0.14617
3447.5	-0.58464
3448.6	17.483
3449.6	7.6116
3450.6	1.2173
3451.6	3.9538
3452.7	1.2693
3453.7	3.082
3454.7	4.2991
3455.8	5.2823
3456.8	0.93362
3457.8	3.7139
3458.9	-7.1637
3459.9	4.7073
3460.9	-2.1154
3461.9	6.1243
3463.0	-2.8125
3464.0	8.7225
3465.0	8.3731
3466.1	2.3429
3467.1	6.4964
3468.1	-0.82726
3469.1	6.0151
3470.2	-2.289
3471.2	2.0236
3472.2	1.7272
3473.3	-0.080622
3474.3	1.9988
3475.3	-2.0311
3476.3	4.9497
3477.4	-2.6824
3478.4	-0.045289
3479.4	11.593
3480.5	12.787
3481.5	-1.6412
3482.5	-3.6772
3483.5	13.259
3484.6	-5.8155
3485.6	3.0022
3486.6	6.0436
3487.7	6.5981
3488.7	-3.7485
3489.7	-0.90794
3490.8	12.092
3491.8	7.6883
3492.8	-0.35723
3493.8	0.20692
3494.9	-2.4643
3495.9	4.9433
3496.9	5.2766
3498.0	-0.43674
3499.0	8.6527
3500.0	5.9692
3501.0	1.4729
3502.1	5.224
3503.1	4.4553
3504.1	8.3294
3505.1	5.8337
3506.2	7.3282
3507.2	3.9031
3508.2	1.5833
3509.3	-7.5392
3510.3	7.0935
3511.3	2.2376
3512.3	2.4226
3513.4	6.1436
3514.4	-2.2874
3515.4	6.4455
3516.5	0.24633
3517.5	0.26181
3518.5	-3.6268
3519.5	1.2745
3520.6	7.8043
3521.6	0.067742
3522.6	-0.26595
3523.7	2.8849
3524.7	4.1433
3525.7	4.3927
3526.7	9.9424
3527.8	3.8568
3528.8	-2.8924
3529.8	9.6809
3530.8	5.5974
3531.9	-1.3317
3532.9	5.9844
3533.9	-4.3297
3535.0	-4.4393
3536.0	4.9434
3537.0	-0.73644
3538.0	2.4477
3539.1	-1.774
3540.1	-1.0377
3541.1	3.1531
3542.1	3.2801
3543.2	-0.8651
3544.2	-3.3335
3545.2	6.1287
3546.3	-0.77783
3547.3	3.5506
3548.3	3.2025
3549.3	5.7056
3550.4	6.1841
3551.4	-2.8442
3552.4	-9.3368
3553.4	3.3672
3554.5	7.1494
3555.5	3.6714
3556.5	3.5633
3557.6	5.3462
3558.6	2.4823
3559.6	4.8541
3560.6	2.26
3561.7	-3.2761
3562.7	2.4941
3563.7	-5.1768
3564.7	1.4094
3565.8	3.9835
3566.8	1.2169
3567.8	3.6829
3568.8	-3.0537
3569.9	0.59997
3570.9	8.6859
3571.9	5.0578
3573.0	1.8214
3574.0	9.0036
3575.0	1.6343
3576.0	4.5582
3577.1	2.5976
3578.1	-1.4786
3579.1	-1.4226
3580.1	2.7078
3581.2	-3.237
3582.2	-0.67542
3583.2	5.4711
3584.2	3.3073
3585.3	-7.4726
3586.3	1.9174
3587.3	7.8741
3588.3	0.12193
3589.4	3.1678
3590.4	11.198
3591.4	6.0061
3592.4	2.0857
3593.5	-1.4265
3594.5	0.87981
3595.5	-4.8092
3596.6	1.514
3597.6	2.2709
3598.6	8.6173
3599.6	4.7202
3600.7	4.5527
3601.7	-0.071629
3602.7	3.3027
3603.7	1.3355
3604.8	5.1352
3605.8	1.5118
3606.8	-3.8812
3607.8	2.0066
3608.9	7.4516
3609.9	-1.8422
3610.9	-3.5102
3611.9	0.5715
3613.0	2.2514
3614.0	0.82974
3615.0	3.849
3616.0	6.3324
3617.1	-4.2926
3618.1	2.7156
3619.1	2.3037
3620.1	7.5685
3621.2	5.2592
3622.2	2.0879
3623.2	2.5598
3624.2	-0.35603
3625.3	5.2929
3626.3	-5.9776
3627.3	-3.8273
3628.3	2.7352
3629.4	4.3288
3630.4	1.1792
3631.4	0.82847
3632.4	2.1229
3633.5	2.3934
3634.5	3.9517
3635.5	4.2242
3636.5	12.138
3637.6	0.84122
3638.6	2.9008
3639.6	-0.52117
3640.6	2.2293
3641.6	-1.7903
3642.7	-2.0487
3643.7	-4.729
3644.7	1.9758
3645.7	10.132
3646.8	-3.0163
3647.8	-7.3783
3648.8	6.3628
3649.8	2.3838
3650.9	7.2405
3651.9	3.6851
3652.9	-1.342
3653.9	5.1572
3655.0	-1.0426
3656.0	1.2117
3657.0	-3.1877
3658.0	-0.7182
3659.1	-2.4424
3660.1	0.13146
3661.1	0.89143
3662.1	2.6583
3663.1	9.613
3664.2	4.271
3665.2	1.9375
3666.2	6.5563
3667.2	3.1252
3668.3	7.1632
3669.3	0.67492
3670.3	6.6292
3671.3	6.1861
3672.4	1.989
3673.4	4.7025
3674.4	2.9883
3675.4	1.9453
3676.4	2.6161
3677.5	5.8212
3678.5	-2.3066
3679.5	0.71454
3680.5	3.7178
3681.6	-2.6814
3682.6	3.1289
3683.6	3.1468
3684.6	6.538
3685.7	5.1664
3686.7	-0.56573
3687.7	4.843
3688.7	11.849
3689.7	1.528
3690.8	8.345
3691.8	10.203
3692.8	8.4431
3693.8	3.5504
3694.9	-0.67527
3695.9	-1.922
3696.9	5.5751
3697.9	-4.057
3698.9	12.5
3700.0	-2.7433
3701.0	2.5122
3702.0	2.53
3703.0	-2.1181
3704.1	1.8808
3705.1	12.091
3706.1	4.5648
3707.1	-0.28933
3708.1	-1.6308
3709.2	6.209
3710.2	-0.53282
3711.2	-0.31846
3712.2	2.085
3713.3	3.831
3714.3	2.1986
3715.3	2.4785
3716.3	6.6669
3717.3	3.5472
3718.4	4.4389
3719.4	0.69826
3720.4	0.97914
3721.4	3.5348
3722.4	0.53214
3723.5	10.59
3724.5	1.3212
3725.5	1.7336
3726.5	5.3148
3727.5	0.90412
3728.6	3.8531
3729.6	0.92211
3730.6	4.0887
3731.6	-0.82859
3732.7	9.9355
3733.7	-0.19909
3734.7	8.1566
3735.7	-2.8758
3736.7	1.8037
3737.8	6.1117
3738.8	-1.1163
3739.8	7.5688
3740.8	5.5061
3741.8	7.3619
3742.9	-0.6686
3743.9	0.74897
3744.9	6.6282
3745.9	-0.71375
3746.9	3.2724
3748.0	2.5715
3749.0	1.128
3750.0	7.4167
3751.0	1.7454
3752.0	0.82601
3753.1	2.6326
3754.1	3.6316
3755.1	7.6576
3756.1	4.5427
3757.1	4.4858
3758.2	-1.2819
3759.2	0.94827
3760.2	0.55189
3761.2	-1.5849
3762.2	-3.235
3763.3	-0.81059
3764.3	1.9986
3765.3	5.5062
3766.3	2.2203
3767.3	9.2039
3768.4	1.2432
3769.4	0.57224
3770.4	4.5275
3771.4	-3.421
3772.4	-3.5817
3773.5	0.99654
3774.5	-0.2676
3775.5	1.2892
3776.5	2.3548
3777.5	1.8062
3778.5	6.9178
3779.6	5.239
3780.6	2.6786
3781.6	2.1157
3782.6	1.4475
3783.6	0.77624
3784.7	6.2488
3785.7	4.0389
3786.7	5.6646
3787.7	4.7405
3788.7	6.3103
3789.8	6.3175
3790.8	4.0908
3791.8	4.4459
3792.8	9.8072
3793.8	-2.6588
3794.8	4.9379
3795.9	8.2343
3796.9	6.1056
3797.9	2.6962
3798.9	3.3663
3799.9	10.203
3800.9	5.9573
3802.0	6.115
3803.0	10.757
3804.0	9.6279
3805.0	-1.7773
3806.0	6.7888
3807.1	4.7061
3808.1	-0.11248
3809.1	0.58056
3810.1	-1.0156
3811.1	2.8673
3812.1	1.0833
3813.2	5.6339
3814.2	4.8866
3815.2	5.0535
3816.2	-1.6461
3817.2	0.13859
3818.2	-2.4341
3819.3	-0.90132
3820.3	3.6741
3821.3	-0.34282
3822.3	1.8276
3823.3	-3.2642
3824.3	0.10453
3825.4	5.1344
3826.4	1.3629
3827.4	-1.0205
3828.4	2.5089
3829.4	0.4566
3830.4	4.426
3831.5	-1.4141
3832.5	6.8841
3833.5	4.2576
3834.5	1.6254
3835.5	6.4229
3836.5	2.3304
3837.6	1.0154
3838.6	7.2512
3839.6	0.21236
3840.6	0.50959
3841.6	1.2166
3842.6	3.3922
3843.7	9.6777
3844.7	5.7172
3845.7	1.754
3846.7	2.9383
3847.7	2.9551
3848.7	5.51
3849.8	2.4839
3850.8	1.6742
3851.8	4.2739
3852.8	1.7082
3853.8	-3.7933
3854.8	-2.2961
3855.8	-2.1527
3856.9	4.4323
3857.9	3.4382
3858.9	4.3521
3859.9	-3.6084
3860.9	5.0948
3861.9	4.5564
3863.0	5.5476
3864.0	8.0515
3865.0	-2.4862
3866.0	1.4456
3867.0	8.4126
3868.0	2.6821
3869.0	-0.35299
3870.1	1.1571
3871.1	6.5406
3872.1	0.91608
3873.1	4.5787
3874.1	4.3496
3875.1	6.9399
3876.1	-0.36902
3877.2	2.1898
3878.2	0.39044
3879.2	-1.0515
3880.2	2.3009
3881.2	1.245
3882.2	5.0698
3883.2	0.98863
3884.3	7.261
3885.3	6.6972
3886.3	-3.4557
3887.3	-3.2619
3888.3	6.8476
3889.3	0.50093
3890.3	5.8717
3891.4	5.9119
3892.4	5.2194
3893.4	4.8277
3894.4	5.7586
3895.4	2.2074
3896.4	3.2461
3897.4	-1.2324
3898.4	2.8398
3899.5	1.6283
3900.5	2.7106
3901.5	8.0955
3902.5	7.3062
3903.5	-1.4976
3904.5	6.1091
3905.5	3.2098
3906.5	1.6631
3907.6	5.3398
3908.6	-0.082104
3909.6	2.9731
3910.6	6.7415
3911.6	9.8241
3912.6	6.4001
3913.6	1.5061
3914.6	0.50129
3915.7	5.113
3916.7	0.85057
3917.7	8.104
3918.7	5.0362
3919.7	6.2178
3920.7	4.0685
3921.7	6.0187
3922.7	7.2401
3923.8	2.5767
3924.8	4.5628
3925.8	5.2799
3926.8	5.6024
3927.8	3.5048
3928.8	4.6136
3929.8	6.096
3930.8	-0.89653
3931.8	6.1267
3932.9	5.353
3933.9	2.2426
3934.9	5.5009
3935.9	3.553
3936.9	2.2442
3937.9	1.7282
3938.9	8.7069
3939.9	5.5107
3941.0	2.9254
3942.0	3.8133
3943.0	5.6876
3944.0	3.153
3945.0	-0.60546
3946.0	7.5642
3947.0	3.7
3948.0	9.5998
3949.0	3.6141
3950.0	-0.22395
3951.1	6.4352
3952.1	4.058
3953.1	2.8794
3954.1	-0.49406
3955.1	4.6655
3956.1	2.5161
3957.1	3.9652
3958.1	3.2925
3959.1	6.5264
3960.1	5.5264
3961.2	5.5392
3962.2	3.0621
3963.2	3.9225
3964.2	4.9339
3965.2	2.9621
3966.2	3.3636
3967.2	5.9264
3968.2	5.5202
3969.2	3.6176
3970.2	3.3154
3971.3	1.9407
3972.3	8.2152
3973.3	3.6454
3974.3	1.9371
3975.3	0.87281
3976.3	6.9891
3977.3	5.8953
3978.3	6.4439
3979.3	6.0108
3980.3	0.5775
3981.3	2.2631
3982.4	1.2871
3983.4	1.8815
3984.4	4.4227
3985.4	7.302
3986.4	10.783
3987.4	1.1479
3988.4	4.7375
3989.4	7.9488
3990.4	4.9995
3991.4	1.9408
3992.4	5.0799
3993.4	3.6759
3994.4	8.9841
3995.5	4.3107
3996.5	3.404
3997.5	10.989
3998.5	0.94635
3999.5	5.7057
4000.5	5.6715
4001.5	4.845
4002.5	0.63146
4003.5	9.1656
4004.5	3.0449
4005.5	1.9079
4006.5	3.8707
4007.5	-0.97091
4008.6	4.0853
4009.6	2.0222
4010.6	1.346
4011.6	2.8974
4012.6	8.3305
4013.6	4.176
4014.6	3.8276
4015.6	-1.0031
4016.6	1.0907
4017.6	4.7836
4018.6	3.8669
4019.6	4.4362
4020.6	2.5808
4021.6	9.8983
4022.6	2.8882
4023.7	0.94296
4024.7	3.3782
4025.7	4.6934
4026.7	5.771
4027.7	6.5238
4028.7	2.6904
4029.7	4.9474
4030.7	4.037
4031.7	6.5486
4032.7	4.0673
4033.7	-2.6838
4034.7	-1.7814
4035.7	8.7579
4036.7	4.361
4037.7	0.90766
4038.7	7.0984
4039.7	4.5604
4040.8	4.4299
4041.8	0.72286
4042.8	5.2492
4043.8	5.8919
4044.8	5.6719
4045.8	8.7934
4046.8	5.0933
4047.8	6.5821
4048.8	5.2437
4049.8	6.0095
4050.8	8.4575
4051.8	6.7431
4052.8	1.6774
4053.8	6.7268
4054.8	3.9249
4055.8	2.0661
4056.8	8.7909
4057.8	3.3846
4058.8	2.0114
4059.8	7.1667
4060.8	9.3326
4061.8	0.056397
4062.8	7.4834
4063.9	10.533
4064.9	3.7541
4065.9	5.5622
4066.9	2.8119
4067.9	3.6897
4068.9	10.405
4069.9	2.5441
4070.9	8.9864
4071.9	4.9357
4072.9	0.2103
4073.9	7.9808
4074.9	4.254
4075.9	8.6599
4076.9	2.2593
4077.9	2.7512
4078.9	5.9777
4079.9	2.0152
4080.9	6.9253
4081.9	7.6541
4082.9	6.2595
4083.9	9.0885
4084.9	3.6586
4085.9	0.087413
4086.9	6.3574
4087.9	9.9348
4088.9	8.5166
4089.9	-0.9367
4090.9	5.3414
4091.9	4.812
4092.9	-0.6006
4093.9	10.793
4094.9	3.7075
4095.9	1.4428
4096.9	3.1073
4097.9	10.703
4098.9	-4.8495
4099.9	7.4166
4100.9	0.75309
4101.9	4.3272
4102.9	1.4336
4103.9	7.4057
4104.9	5.2251
4106.0	5.2654
4107.0	5.4239
4108.0	6.5942
4109.0	7.4418
4110.0	1.1576
4111.0	5.8958
4112.0	0.54243
4113.0	3.4269
4114.0	1.7879
4115.0	5.6538
4116.0	2.6499
4117.0	-2.6035
4118.0	4.3762
4119.0	1.7118
4120.0	4.287
4121.0	2.9874
4122.0	-3.6606
4123.0	5.8267
4124.0	2.9008
4125.0	1.7661
4126.0	3.5252
4127.0	4.6305
4128.0	5.9966
4129.0	0.051253
4130.0	6.4129
4131.0	9.2011
4132.0	4.2668
4133.0	-2.7098
4134.0	1.393
4135.0	5.4694
4135.9	4.9401
4136.9	4.4389
4137.9	2.4605
4138.9	2.4696
4139.9	2.3803
4140.9	2.1266
4141.9	3.4705
4142.9	2.0279
4143.9	5.4516
4144.9	4.0934
4145.9	2.0406
4146.9	4.9991
4147.9	1.4772
4148.9	-0.56367
4149.9	2.4721
4150.9	4.1918
4151.9	-3.5851
4152.9	2.8021
4153.9	3.4472
4154.9	0.56674
4155.9	1.45
4156.9	0.13689
4157.9	3.2764
4158.9	4.2405
4159.9	-1.9942
4160.9	1.6048
4161.9	-3.1277
4162.9	0.52074
4163.9	6.4424
4164.9	2.9183
4165.9	-1.2319
4166.9	4.8215
4167.9	-2.7318
4168.9	4.2701
4169.9	8.75
4170.9	3.62
4171.9	2.0554
4172.9	-0.14841
4173.9	3.3554
4174.9	3.2565
4175.9	5.0229
4176.8	2.0752
4177.8	1.464
4178.8	-2.1462
4179.8	1.1477
4180.8	0.22062
4181.8	5.9463
4182.8	-0.59096
4183.8	5.0318
4184.8	-0.76507
4185.8	-0.60635
4186.8	5.1195
4187.8	0.46353
4188.8	2.0575
4189.8	3.5035
4190.8	-6.692
4191.8	6.5477
4192.8	4.8088
4193.8	0.86673
4194.8	-1.7824
4195.8	6.9914
4196.8	-0.43977
4197.8	1.9289
4198.7	-2.0026
4199.7	-1.9939
4200.7	3.3617
4201.7	-0.062302
4202.7	1.6449
4203.7	-1.0911
4204.7	6.4099
4205.7	1.4485
4206.7	4.6859
4207.7	4.8126
4208.7	2.6308
4209.7	-1.1561
4210.7	5.4804
4211.7	4.7617e-05
4212.7	4.4724
4213.7	4.4951
4214.6	3.1339
4215.6	0.78912
4216.6	0.29574
4217.6	5.5021
4218.6	5.3068
4219.6	0.84014
4220.6	1.7737
4221.6	2.574
4222.6	2.217
4223.6	1.0379
4224.6	3.0295
4225.6	2.9679
4226.6	0.26987
4227.6	5.3698
4228.5	-0.67976
4229.5	3.2779
4230.5	-3.9733
4231.5	1.3971
4232.5	1.511
4233.5	3.0365
4234.5	1.5258
4235.5	0.53583
4236.5	0.34419
4237.5	7.6982
4238.5	3.2168
4239.5	5.5199
4240.5	2.1447
4241.4	4.5909
4242.4	4.8807
4243.4	3.559
4244.4	3.3479
4245.4	7.7475
4246.4	4.7164
4247.4	5.2679
4248.4	9.2084
4249.4	4.2823
4250.4	3.261
4251.4	6.1334
4252.3	2.875
4253.3	2.4821
4254.3	1.066
4255.3	4.0782
4256.3	1.0356
4257.3	1.7165
4258.3	1.9217
4259.3	4.8422
4260.3	7.7082
4261.3	2.6161
4262.2	3.4049
4263.2	3.4615
4264.2	10.458
4265.2	-1.3045
4266.2	3.8607
4267.2	5.7454
4268.2	4.1497
4269.2	5.5377
4270.2	10.665
4271.1	8.2851
4272.1	5.4872
4273.1	-0.17657
4274.1	4.9442
4275.1	8.9871
4276.1	4.5102
4277.1	2.7595
4278.1	6.8492
4279.1	5.2941
4280.0	7.5978
4281.0	7.9179
4282.0	3.0454
4283.0	4.3102
4284.0	7.1577
4285.0	5.6149
4286.0	2.8665
4287.0	2.6886
4288.0	-0.16137
4288.9	5.0528
4289.9	8.079
4290.9	7.7462
4291.9	7.603
4292.9	7.6877
4293.9	7.921
4294.9	3.3684
4295.9	7.6354
4296.8	5.818
4297.8	4.7108
4298.8	3.7025
4299.8	4.5137
4300.8	6.5577
4301.8	1.6031
4302.8	11.204
4303.7	7.9186
4304.7	13.155
4305.7	8.6595
4306.7	7.5317
4307.7	4.9218
4308.7	5.6248
4309.7	10.031
4310.7	5.5708
4311.6	4.9145
4312.6	11.513
4313.6	6.5983
4314.6	4.0245
4315.6	8.3909
4316.6	9.8018
4317.5	7.3329
4318.5	8.1855
4319.5	5.4062
4320.5	4.6598
4321.5	6.1457
4322.5	5.3466
4323.5	8.2156
4324.4	10.853
4325.4	9.8867
4326.4	8.6066
4327.4	8.9876
4328.4	8.1649
4329.4	4.0276
4330.4	7.3331
4331.3	9.7483
4332.3	3.4825
4333.3	8.0273
4334.3	15.811
4335.3	6.8788
4336.3	4.6241
4337.2	8.4073
4338.2	10.69
4339.2	14.232
4340.2	11.884
4341.2	3.7817
4342.2	6.8962
4343.1	5.1423
4344.1	15.44
4345.1	0.60059
4346.1	8.2678
4347.1	11.738
4348.1	15.441
4349.0	19.375
4350.7	5.9552
4352.0	1.0769
4353.4	5.6767
4354.7	10.062
4356.0	8.8283
4357.4	2.9499
4358.7	9.33
4360.1	9.2448
4361.4	3.8052
4362.7	4.9629
4364.1	11.454
4365.4	10.118
4366.7	9.9894
4368.1	13.305
4369.4	1.0452
4370.7	3.5586
4372.1	8.5184
4373.4	4.1049
4374.8	6.4252
4376.1	11.381
4377.4	8.9634
4378.8	6.3809
4380.1	8.4911
4381.4	9.0693
4382.8	2.9131
4384.1	7.5448
4385.5	8.335
4386.8	6.0925
4388.1	8.2543
4389.5	8.4668
4390.8	6.6877
4392.1	6.7713
4393.5	5.9267
4394.8	4.2106
4396.1	5.8855
4397.5	7.226
4398.8	2.3392
4400.2	6.7784
4401.5	5.8879
4402.8	8.8793
4404.2	8.1337
4405.5	4.704
4406.8	9.1421
4408.2	10.591
4409.5	10.78
4410.8	3.9529
4412.2	8.2459
4413.5	3.7943
4414.9	7.8521
4416.2	6.422
4417.5	7.1746
4418.9	2.6591
4420.2	1.8856
4421.5	8.6082
4422.9	7.2905
4424.2	2.8506
4425.5	3.2663
4426.9	6.9383
4428.2	4.3518
4429.6	1.1394
4430.9	5.6337
4432.2	5.4205
4433.6	3.053
4434.9	4.7843
4436.2	11.809
4437.6	7.258
4438.9	5.1966
4440.2	7.7475
4441.6	4.7355
4442.9	3.8012
4444.3	5.6975
4445.6	0.26724
4446.9	0.90448
4448.3	2.0297
4449.6	6.1666
4450.9	0.94362
4452.3	-0.19059
4453.6	6.8142
4454.9	5.6735
4456.3	2.6836
4457.6	6.424
4459.0	4.0921
4460.3	3.0451
4461.6	6.7585
4463.0	5.9503
4464.3	5.4643
4465.6	5.9006
4467.0	3.7917
4468.3	5.7775
4469.6	4.6709
4471.0	6.6575
4472.3	7.5663
4473.6	4.051
4475.0	5.1591
4476.3	7.2032
4477.7	7.0728
4479.0	5.2272
4480.3	4.6222
4481.7	3.0187
4483.0	5.1092
4484.3	5.6151
4485.7	5.0451
4487.0	2.9446
4488.3	5.8814
4489.7	1.1438
4491.0	2.0425
4492.3	4.5166
4493.7	3.1206
4495.0	4.3268
4496.4	3.3859
4497.7	6.9697
4499.0	4.508
4500.4	-0.19864
4501.7	6.7269
4503.0	4.1507
4504.4	7.2463
4505.7	1.6042
4507.0	3.946
4508.4	3.968
4509.7	2.8499
4511.0	3.2155
4512.4	7.8414
4513.7	5.6828
4515.0	3.0537
4516.4	8.1619
4517.7	4.0019
4519.0	6.9649
4520.4	5.9436
4521.7	1.6493
4523.1	2.8904
4524.4	2.5627
4525.7	1.0971
4527.1	2.1271
4528.4	4.6171
4529.7	5.6031
4531.1	3.5035
4532.4	4.4624
4533.7	7.0487
4535.1	6.0588
4536.4	2.8443
4537.7	7.2651
4539.1	5.3367
4540.4	2.132
4541.7	2.2619
4543.1	6.7439
4544.4	7.1836
4545.7	4.7896
4547.1	7.4507
4548.4	3.245
4549.7	7.4142
4551.1	0.6177
4552.4	7.0006
4553.7	4.0784
4555.1	6.2193
4556.4	2.6946
4557.8	7.322
4559.1	5.6422
4560.4	10.032
4561.8	2.7963
4563.1	4.1906
4564.4	5.6357
4565.8	2.4346
4567.1	2.1428
4568.4	2.1032
4569.8	5.675
4571.1	4.6145
4572.4	2.2971
4573.8	4.215
4575.1	5.8537
4576.4	7.9593
4577.8	5.6841
4579.1	5.7525
4580.4	3.6253
4581.8	2.8547
4583.1	6.5149
4584.4	5.869
4585.8	8.455
4587.1	1.0037
4588.4	7.9893
4589.8	5.241
4591.1	5.6415
4592.4	5.5545
4593.8	8.916
4595.1	2.3584
4596.4	4.6034
4597.8	3.5581
4599.1	6.4592
4600.4	6.1089
4601.8	5.3703
4603.1	2.326
4604.4	5.3347
4605.8	5.1061
4607.1	6.1119
4608.4	2.0538
4609.8	3.9671
4611.1	5.2464
4612.4	4.3988
4613.8	8.4598
4615.1	3.0931
4616.4	5.18
4617.8	4.9218
4619.1	4.574
4620.4	2.5505
4621.7	2.5207
4623.1	7.1183
4624.4	4.8238
4625.7	4.2947
4627.1	3.2163
4628.4	7.9569
4629.7	6.9644
4631.1	2.7995
4632.4	5.1012
4633.7	5.2027
4635.1	4.9109
4636.4	9.175
4637.7	7.0286
4639.1	3.8575
4640.4	6.6248
4641.7	9.4346
4643.1	4.8055
4644.4	5.2774
4645.7	4.8721
4647.1	2.6033
4648.4	6.4452
4649.7	2.7566
4651.1	4.6322
4652.4	5.0048
4653.7	4.95
4655.0	6.2921
4656.4	4.1588
4657.7	4.5749
4659.0	3.0123
4660.4	6.614
4661.7	4.9922
4663.0	2.8175
4664.4	3.9687
4665.7	4.0399
4667.0	4.0898
4668.4	6.2985
4669.7	2.6194
4671.0	3.6667
4672.4	7.0494
4673.7	6.9847
4675.0	4.6814
4676.3	4.533
4677.7	5.7802
4679.0	4.2916
4680.3	4.7875
4681.7	5.7549
4683.0	2.629
4684.3	4.9553
4685.7	6.8084
4687.0	6.405
4688.3	5.7993
4689.6	2.1511
4691.0	5.1091
4692.3	3.7591
4693.6	4.419
4695.0	8.1774
4696.3	6.4419
4697.6	2.8049
4699.0	2.4719
4700.3	7.4788
4701.6	7.8192
4702.9	4.4436
4704.3	3.5119
4705.6	4.7924
4706.9	4.4911
4708.3	5.1718
4709.6	7.3793
4710.9	3.2687
4712.3	5.0249
4713.6	6.7352
4714.9	4.7194
4716.2	5.7865
4717.6	3.6163
4718.9	6.5772
4720.2	2.0695
4721.6	3.5987
4722.9	6.9846
4724.2	5.919
4725.5	6.5502
4726.9	2.8982
4728.2	5.1026
4729.5	5.0923
4730.9	7.0474
4732.2	1.7545
4733.5	2.1596
4734.8	6.1813
4736.2	6.3087
4737.5	3.1233
4738.8	4.1376
4740.2	4.6564
4741.5	2.5932
4742.8	2.6931
4744.1	4.6495
4745.5	5.2221
4746.8	0.91718
4748.1	5.9455
4749.5	7.5588
4750.8	4.1511
4752.1	4.4483
4753.4	6.005
4754.8	3.7659
4756.1	3.3584
4757.4	4.9715
4758.7	5.3675
4760.1	4.5432
4761.4	-0.24765
4762.7	3.4832
4764.1	5.4587
4765.4	2.234
4766.7	5.1327
4768.0	3.6311
4769.4	3.4254
4770.7	2.8013
4772.0	4.5598
4773.3	4.0061
4774.7	4.2999
4776.0	3.3395
4777.3	3.2568
4778.7	2.108
4780.0	4.1543
4781.3	4.3154
4782.6	3.6644
4784.0	2.691
4785.3	4.5587
4786.6	3.0616
4787.9	4.1621
4789.3	6.3515
4790.6	2.4921
4791.9	1.9029
4793.2	3.1963
4794.6	6.3558
4795.9	2.7725
4797.2	2.4231
4798.5	4.947
4799.9	5.0385
4801.2	2.6876
4802.5	3.675
4803.8	5.0251
4805.2	4.0809
4806.5	4.031
4807.8	4.6459
4809.1	5.875
4810.5	3.0252
4811.8	2.5101
4813.1	5.877
4814.5	3.3671
4815.8	4.7399
4817.1	3.6893
4818.4	1.1687
4819.7	6.2289
4821.1	4.4088
4822.4	4.2857
4823.7	2.8915
4825.0	2.698
4826.4	6.3842
4827.7	3.0758
4829.0	5.3739
4830.3	4.9825
4831.7	3.439
4833.0	3.2703
4834.3	3.3042
4835.6	3.7819
4837.0	3.3026
4838.3	4.3633
4839.6	5.8738
4840.9	4.0518
4842.3	3.3713
4843.6	4.3939
4844.9	3.6554
4846.2	2.4564
4847.6	5.4121
4848.9	1.9829
4850.2	4.4676
4851.5	3.5006
4852.8	3.1815
4854.2	5.0684
4855.5	0.90605
4856.8	5.6187
4858.1	2.7159
4859.5	5.8118
4860.8	3.788
4862.1	0.3743
4863.4	4.0246
4864.7	2.5647
4866.1	3.7388
4867.4	3.1632
4868.7	6.7437
4870.0	3.166
4871.4	0.47298
4872.7	3.5649
4874.0	3.9429
4875.3	5.5084
4876.6	0.47395
4878.0	2.2698
4879.3	4.0348
4880.6	1.1517
4881.9	2.6205
4883.3	5.1593
4884.6	3.5636
4885.9	1.5339
4887.2	0.35051
4888.5	0.030337
4889.9	1.475
4891.2	4.4104
4892.5	3.1313
4893.8	-0.10104
4895.1	3.7348
4896.5	3.4927
4897.8	2.8651
4899.1	2.7917
4900.4	1.5696
4901.7	1.6364
4903.1	1.0318
4904.4	4.0389
4905.7	5.1525
4907.0	3.3124
4908.3	4.6975
4909.7	2.6349
4911.0	1.4245
4912.3	3.4636
4913.6	4.6349
4914.9	4.3952
4916.3	-0.18738
4917.6	5.3942
4918.9	4.8828
4920.2	1.3298
4921.5	2.3271
4922.9	4.3986
4924.2	2.2707
4925.5	2.7104
4926.8	3.1995
4928.1	2.5848
4929.5	2.6675
4930.8	2.0206
4932.1	5.3599
4933.4	1.0109
4934.7	0.66305
4936.0	4.0788
4937.4	1.7827
4938.7	2.7859
4940.0	5.2447
4941.3	4.833
4942.6	3.3383
4944.0	2.5886
4945.3	2.3757
4946.6	4.9237
4947.9	3.877
4949.2	3.1581
4950.5	2.8048
4951.9	2.5544
4953.2	3.9315
4954.5	3.139
4955.8	5.0438
4957.1	4.1284
4958.4	1.9552
4959.8	4.3388
4961.1	0.5077
4962.4	1.2562
4963.7	3.3178
4965.0	1.3705
4966.3	0.83875
4967.7	4.1024
4969.0	4.3981
4970.3	5.5469
4971.6	4.1215
4972.9	3.7339
4974.2	1.7789
4975.6	3.9742
4976.9	3.87
4978.2	3.9012
4979.5	4.1639
4980.8	4.2295
4982.1	4.2802
4983.5	4.6384
4984.8	5.3533
4986.1	1.7946
4987.4	1.5126
4988.7	4.2293
4990.0	3.528
4991.3	7.4938
4992.7	1.7592
4994.0	4.3655
4995.3	3.2536
4996.6	3.7195
4997.9	3.7816
4999.2	6.1153
5000.5	2.26
5001.9	6.2636
5003.2	4.5055
5004.5	2.7523
5005.8	3.6194
5007.1	5.0012
5008.4	4.1653
5009.7	7.058
5011.1	3.8389
5012.4	5.6002
5013.7	3.8256
5015.0	4.4331
5016.3	4.3657
5017.6	3.8322
5018.9	5.6256
5020.2	1.6577
5021.5	6.3312
5022.9	6.0535
5024.2	3.2863
5025.5	7.2332
5026.8	5.3045
5028.1	4.1129
5029.4	5.91
5030.7	4.3779
5032.0	4.6163
5033.3	7.9713
5034.6	7.5014
5035.9	5.7091
5037.3	6.8041
5038.6	3.6545
5039.9	3.4496
5041.2	3.8628
5042.5	7.3132
5043.8	4.7248
5045.1	5.221
5046.4	6.7739
5047.7	6.9321
5049.0	4.248
5050.3	6.0372
5051.6	3.3162
5052.9	6.6446
5054.2	4.8867
5055.6	8.7029
5056.9	4.427
5058.2	6.5762
5059.5	8.733
5060.8	6.3511
5062.1	5.5661
5063.4	7.9373
5064.7	9.4513
5066.0	4.8735
5067.3	4.7747
5068.6	7.489
5069.9	5.5653
5071.2	7.6539
5072.5	9.1304
5073.8	6.1008
5075.1	7.9507
5076.4	6.3289
5077.8	7.2499
5079.1	6.9408
5080.4	5.4186
5081.7	9.0973
5083.0	6.0403
5084.3	7.3192
5085.6	8.8101
5086.9	7.4737
5088.2	8.3781
5089.5	5.2208
5090.8	7.9698
5092.1	7.5657
5093.4	5.7701
5094.7	5.6183
5096.0	7.5212
5097.3	6.7582
5098.6	6.4644
5099.9	5.7839
5101.2	5.9337
5102.5	6.2674
5103.8	5.7254
5105.1	6.5334
5106.4	5.0432
5107.7	7.6612
5109.0	6.9901
5110.3	6.0942
5111.6	5.8927
5112.9	6.4973
5114.2	6.1852
5115.6	6.1377
5116.9	8.8693
5118.2	6.9961
5119.5	8.9654
5120.8	6.6248
5122.1	7.7491
5123.4	6.4118
5124.7	9.3818
5126.0	8.9001
5127.3	9.0625
5128.6	3.8835
5129.9	9.6057
5131.2	6.9765
5132.5	7.1048
5133.8	6.3854
5135.1	6.6189
5136.4	6.9229
5137.7	8.4914
5139.0	7.5586
5140.3	7.8162
5141.6	6.5248
5142.9	8.5861
5144.2	5.9167
5145.5	4.5518
5146.8	5.9929
5148.1	9.1089
5149.4	6.1785
5150.7	8.3535
5152.0	5.1782
5153.3	6.0494
5154.6	4.9737
5155.9	7.7596
5157.2	7.3465
5158.5	4.8777
5159.8	7.0825
5161.1	5.8107
5162.4	7.7304
5163.6	8.7282
5164.9	8.6882
5166.2	7.1849
5167.5	5.8156
5168.8	7.0649
5170.1	7.0378
5171.4	4.4264
5172.7	5.577
5174.0	6.1548
5175.3	6.1066
5176.6	6.9758
5177.9	7.3547
5179.2	7.0658
5180.5	5.41
5181.8	4.9582
5183.1	6.4433
5184.4	5.6728
5185.7	6.3109
5187.0	5.61
5188.3	5.0023
5189.6	7.3265
5190.9	6.2452
5192.2	3.4449
5193.5	4.4587
5194.8	6.3647
5196.1	4.9822
5197.4	2.6901
5198.7	7.4627
5199.9	4.2477
5201.2	6.4769
5202.5	5.7696
5203.8	7.9996
5205.1	4.4562
5206.4	4.8651
5207.7	2.1283
5209.0	3.9831
5210.3	6.5244
5211.6	2.1372
5212.9	4.3861
5214.2	4.8405
5215.5	3.7161
5216.8	7.2354
5218.1	6.3286
5219.4	4.5797
5220.6	5.5479
5221.9	7.1693
5223.2	5.4358
5224.5	5.482
5225.8	3.6343
5227.1	3.9501
5228.4	3.1671
5229.7	6.1199
5231.0	6.3026
5232.3	2.8292
5233.6	6.7197
5234.9	4.8117
5236.2	5.652
5237.4	4.1824
5238.7	6.3083
5240.0	3.4927
5241.3	5.8213
5242.6	4.7888
5243.9	5.1046
5245.2	5.5163
5246.5	3.0501
5247.8	5.2657
5249.1	3.2592
5250.4	2.1272
5251.6	4.8298
5252.9	4.4944
5254.2	7.0585
5255.5	1.9452
5256.8	6.2317
5258.1	2.4506
5259.4	0.83624
5260.7	4.5025
5262.0	2.7982
5263.3	4.1904
5264.5	4.8058
5265.8	1.71
5267.1	3.9644
5268.4	3.6991
5269.7	3.2725
5271.0	3.0865
5272.3	5.3186
5273.6	4.4791
5274.8	2.6154
5276.1	3.373
5277.4	2.5122
5278.7	2.8291
5280.0	1.5069
5281.3	5.2377
5282.6	2.5228
5283.9	3.3592
5285.1	1.1649
5286.4	2.4347
5287.7	2.5416
5289.0	4.3785
5290.3	2.708
5291.6	5.3619
5292.9	2.4981
5294.2	3.7678
5295.4	3.2349
5296.7	1.3566
5298.0	2.8074
5299.3	5.6722
5300.6	4.1123
5301.9	5.1073
5303.2	7.0757
5304.4	2.68
5305.7	1.3335
5307.0	4.8049
5308.3	4.5033
5309.6	1.9078
5310.9	4.0615
5312.1	2.8315
5313.4	6.1565
5314.7	3.986
5316.0	4.7831
5317.3	2.5617
5318.6	4.5256
5319.9	3.9192
5321.1	1.6655
5322.4	4.1372
5323.7	0.81551
5325.0	3.8935
5326.3	4.0997
5327.6	2.2268
5328.8	3.8865
5330.1	5.3535
5331.4	3.4567
5332.7	2.4729
5334.0	2.5411
5335.2	2.8085
5336.5	2.9924
5337.8	3.7151
5339.1	3.0705
5340.4	2.2837
5341.7	2.1127
5342.9	2.1765
5344.2	0.57273
5345.5	4.9499
5346.8	5.7866
5348.1	2.643
5349.3	4.19
5350.6	1.9473
5351.9	3.5549
5353.2	2.5098
5354.5	2.5715
5355.7	3.1276
5357.0	4.5449
5358.3	2.9699
5359.6	2.2827
5360.9	4.6076
5362.1	3.8598
5363.4	4.0336
5364.7	4.3961
5366.0	1.0874
5367.3	2.3652
5368.5	2.5713
5369.8	3.2977
5371.1	0.50674
5372.4	3.7976
5373.7	3.6415
5374.9	5.2284
5376.2	4.8303
5377.5	5.5682
5378.8	4.7639
5380.0	1.1969
5381.3	3.3411
5382.6	3.5849
5383.9	2.5637
5385.2	3.0359
5386.4	2.9887
5387.7	2.3606
5389.0	3.286
5390.3	4.2116
5391.5	4.6075
5392.8	3.4426
5394.1	2.1983
5395.4	2.3721
5396.6	2.5505
5397.9	2.4179
5399.2	4.4385
5400.5	2.9591
5401.7	2.8077
5403.0	4.3079
5404.3	3.6368
5405.6	4.2019
5406.8	2.5442
5408.1	3.1589
5409.4	4.7838
5410.7	4.0057
5411.9	5.5907
5413.2	4.97
5414.5	1.7014
5415.8	2.9781
5417.0	3.0712
5418.3	5.4567
5419.6	2.5536
5420.9	3.5351
5422.1	4.5491
5423.4	3.1132
5424.7	3.6629
5426.0	2.3848
5427.2	3.4567
5428.5	6.6023
5429.8	3.9501
5431.0	2.9572
5432.3	3.2963
5433.6	4.1715
5434.9	4.0023
5436.1	3.8901
5437.4	4.6216
5438.7	5.1242
5440.0	1.8536
5441.2	4.2346
5442.5	2.8273
5443.8	3.5397
5445.0	4.3802
5446.3	2.575
5447.6	2.4472
5448.8	3.1564
5450.1	6.3028
5451.4	4.9976
5452.7	4.2575
5453.9	4.0644
5455.2	2.2531
5456.5	4.3781
5457.7	5.0368
5459.0	4.1509
5460.3	5.7597
5461.5	4.3135
5462.8	5.0035
5464.1	1.8302
5465.4	4.1889
5466.6	2.1854
5467.9	6.2131
5469.2	3.6877
5470.4	4.933
5471.7	4.8328
5473.0	3.1374
5474.2	5.0621
5475.5	4.3838
5476.8	5.3233
5478.0	3.6946
5479.3	6.451
5480.6	3.2152
5481.8	4.2658
5483.1	3.2259
5484.4	3.7012
5485.6	3.4865
5486.9	5.5231
5488.2	5.8402
5489.4	4.4942
5490.7	2.4832
5492.0	3.3982
5493.2	2.4487
5494.5	5.8821
5495.8	3.5981
5497.0	5.052
5498.3	5.5897
5499.6	4.429
5500.8	2.4924
5502.1	3.6572
5503.3	4.1946
5504.6	5.2403
5505.9	2.0469
5507.1	3.6757
5508.4	4.926
5509.7	2.9431
5510.9	4.0118
5512.2	4.8544
5513.5	6.6103
5514.7	3.6018
5516.0	2.0802
5517.2	3.6783
5518.5	4.6653
5519.8	2.1275
5521.0	3.6635
5522.3	5.6175
5523.6	3.427
5524.8	4.846
5526.1	3.6607
5527.3	3.8916
5528.6	3.4005
5529.9	2.8422
5531.1	3.1394
5532.4	3.0817
5533.7	2.6707
5534.9	5.4765
5536.2	2.5826
5537.4	2.2727
5538.7	2.0145
5540.0	2.6687
5541.2	4.395
5542.5	2.246
5543.7	3.7669
5545.0	2.4325
5546.3	2.3514
5547.5	2.1869
5548.8	2.6275
5550.0	3.9467
5551.3	3.6824
5552.6	2.8141
5553.8	2.251
5555.1	4.0842
5556.3	2.6236
5557.6	3.0582
5558.8	0.91907
5560.1	1.7712
5561.4	3.4076
5562.6	3.1984
5563.9	2.4438
5565.1	1.7305
5566.4	3.5227
5567.6	4.3978
5568.9	2.0002
5570.2	1.557
5571.4	3.4031
5572.7	2.5943
5573.9	4.2776
5575.2	-4.4044
5576.4	9.0475
5577.7	2.7025
5579.0	0.98817
5580.2	3.6936
5581.5	3.4606
5582.7	3.6818
5584.0	2.4646
5585.2	2.546
5586.5	3.8455
5587.7	5.3409
5589.0	2.5766
5590.2	2.3496
5591.5	2.0773
5592.8	2.8821
5594.0	3.3545
5595.3	4.017
5596.5	3.8143
5597.8	4.0052
5599.0	2.7687
5600.3	3.2071
5601.5	2.3432
5602.8	3.404
5604.0	4.2465
5605.3	3.9114
5606.5	3.2243
5607.8	2.8594
5609.0	1.673
5610.3	4.2345
5611.5	4.9396
5612.8	3.1336
5614.1	0.92441
5615.3	3.2049
5616.6	3.7089
5617.8	3.2402
5619.1	3.394
5620.3	3.0455
5621.6	5.4624
5622.8	4.8355
5624.1	2.326
5625.3	2.6684
5626.6	2.1345
5627.8	3.7724
5629.1	3.0889
5630.3	3.4476
5631.6	4.0398
5632.8	4.2504
5634.1	1.7591
5635.3	3.5566
5636.5	4.4206
5637.8	4.3106
5639.0	3.6704
5640.3	3.6189
5641.5	6.2142
5642.8	3.2159
5644.0	3.3657
5645.3	3.2737
5646.5	2.1214
5647.8	4.3546
5649.0	3.8497
5650.3	4.0786
5651.5	2.3555
5652.8	3.513
5654.0	3.4303
5655.3	1.8458
5656.5	4.7818
5657.8	4.6001
5659.0	2.6799
5660.2	2.8503
5661.5	3.8709
5662.7	3.8294
5664.0	2.3873
5665.2	4.4013
5666.5	2.2049
5667.7	4.9295
5669.0	2.167
5670.2	5.6791
5671.4	2.8082
5672.7	2.6727
5673.9	3.9195
5675.2	4.2904
5676.4	3.6755
5677.7	5.1093
5678.9	2.3779
5680.2	2.6104
5681.4	3.2104
5682.6	5.7115
5683.9	4.9778
5685.1	3.0123
5686.4	4.3154
5687.6	2.3921
5688.9	2.4326
5691.6	4.5023
5693.4	5.4276
5695.1	4.8953
5696.9	6.735
5698.6	3.0176
5700.4	1.201
5702.1	4.1743
5703.9	4.0081
5705.6	4.646
5707.4	3.4944
5709.1	3.3404
5710.9	6.7815
5712.7	4.5255
5714.4	2.8227
5716.2	1.6737
5717.9	5.1156
5719.7	2.8016
5721.4	4.6358
5723.2	1.1932
5724.9	3.7042
5726.7	3.6147
5728.4	-0.19818
5730.2	3.7579
5731.9	5.3215
5733.7	3.5361
5735.4	6.9325
5737.2	3.2405
5738.9	2.8532
5740.7	6.0894
5742.5	5.8267
5744.2	4.0419
5746.0	4.9328
5747.7	4.343
5749.5	2.51
5751.2	3.414
5753.0	4.4967
5754.7	5.5219
5756.5	5.8454
5758.2	1.6499
5760.0	1.0346
5761.7	7.1156
5763.5	5.7761
5765.2	4.1744
5767.0	6.725
5768.8	5.1923
5770.5	6.0258
5772.3	5.4278
5774.0	1.7089
5775.8	6.3281
5777.5	4.7989
5779.3	4.4121
5781.0	5.7512
5782.8	2.2292
5784.5	7.8456
5786.3	6.2838
5788.0	6.8265
5789.8	4.39
5791.6	5.1392
5793.3	3.9506
5795.1	4.0485
5796.8	3.5096
5798.6	4.0698
5800.3	3.0596
5802.1	5.1968
5803.8	5.1129
5805.6	7.1565
5807.3	5.3372
5809.1	3.8002
5810.8	3.9325
5812.6	6.9665
5814.4	5.178
5816.1	3.3702
5817.9	5.959
5819.6	6.1685
5821.4	3.5567
5823.1	5.1054
5824.9	3.9563
5826.6	4.9589
5828.4	7.2445
5830.1	4.1975
5831.9	4.1463
5833.7	7.7811
5835.4	5.5402
5837.2	6.1487
5838.9	3.0159
5840.7	3.0877
5842.4	6.8362
5844.2	7.0828
5845.9	4.0756
5847.7	4.8587
5849.4	6.0254
5851.2	6.6652
5852.9	3.6718
5854.7	5.0269
5856.5	3.3678
5858.2	3.5275
5860.0	6.1919
5861.7	4.893
5863.5	4.0537
5865.2	6.9892
5867.0	5.1593
5868.7	7.3924
5870.5	3.8081
5872.2	4.6093
5874.0	4.2971
5875.8	4.9896
5877.5	4.5914
5879.3	6.5521
5881.0	4.5181
5882.8	4.4738
5884.5	6.3717
5886.3	2.8469
5888.0	2.114
5889.8	3.0917
5891.5	4.8582
5893.3	4.5039
5895.1	5.1954
5896.8	2.121
5898.6	3.788
5900.3	6.0021
5902.1	3.443
5903.8	5.5631
5905.6	4.4642
5907.3	2.3997
5909.1	5.6176
5910.8	3.9041
5912.6	3.5131
5914.4	4.9283
5916.1	4.7608
5917.9	3.4645
5919.6	3.6694
5921.4	5.2548
5923.1	3.7338
5924.9	4.5945
5926.6	4.0143
5928.4	4.8189
5930.1	4.2277
5931.9	4.9642
5933.6	3.9038
5935.4	3.462
5937.2	3.6739
5938.9	3.5654
5940.7	4.4911
5942.4	5.1085
5944.2	5.3153
5945.9	4.8128
5947.7	4.851
5949.4	5.1219
5951.2	2.939
5952.9	5.0468
5954.7	4.9741
5956.5	4.0154
5958.2	4.7778
5960.0	3.1433
5961.7	3.5199
5963.5	4.1973
5965.2	3.4161
5967.0	2.0983
5968.7	5.3692
5970.5	5.4855
5972.2	3.9998
5974.0	4.0942
5975.8	3.0264
5977.5	2.2633
5979.3	4.5988
5981.0	2.2803
5982.8	4.055
5984.5	3.2859
5986.3	3.6317
5988.0	5.5136
5989.8	4.5216
5991.5	3.6302
5993.3	5.0691
5995.1	3.0399
5996.8	3.2796
5998.6	2.9177
6000.3	4.304
6002.1	5.226
6003.8	4.6201
6005.6	3.1545
6007.3	3.0395
6009.1	2.7163
6010.8	4.0499
6012.6	3.9297
6014.4	3.4958
6016.1	4.6038
6017.9	4.0409
6019.6	4.7586
6021.4	3.835
6023.1	4.0901
6024.9	3.1888
6026.6	4.6486
6028.4	4.1408
6030.1	4.674
6031.9	3.8126
6033.6	4.6749
6035.4	4.7776
6037.2	4.2855
6038.9	4.1241
6040.7	4.6767
6042.4	3.346
6044.2	3.9012
6045.9	4.4504
6047.7	2.7301
6049.4	3.5119
6051.2	3.8114
6052.9	3.1307
6054.7	4.0192
6056.4	3.4653
6058.2	5.2966
6060.0	3.3374
6061.7	2.8029
6063.5	3.7529
6065.2	3.9044
6067.0	3.1152
6068.7	3.3523
6070.5	3.2547
6072.2	4.6771
6074.0	2.7952
6075.7	3.7917
6077.5	2.2415
6079.2	4.1327
6081.0	3.0638
6082.8	3.5586
6084.5	4.0722
6086.3	4.1713
6088.0	3.9208
6089.8	5.4209
6091.5	2.8496
6093.3	4.2235
6095.0	4.2984
6096.8	3.673
6098.5	4.1608
6100.3	3.637
6102.0	1.7328
6103.8	4.1778
6105.5	3.885
6107.3	3.1631
6109.1	3.9606
6110.8	3.7575
6112.6	2.7012
6114.3	4.2448
6116.1	4.3364
6117.8	3.9944
6119.6	2.9311
6121.3	4.7876
6123.1	3.0381
6124.8	4.3948
6126.6	3.5033
6128.3	3.4973
6130.1	3.4166
6131.8	4.0596
6133.6	3.6691
6135.4	4.332
6137.1	2.8851
6138.9	4.1363
6140.6	3.4776
6142.4	2.9923
6144.1	2.4331
6145.9	4.9085
6147.6	4.0693
6149.4	4.4509
6151.1	2.416
6152.9	3.2839
6154.6	3.8013
6156.4	2.5881
6158.1	2.9497
6159.9	3.1191
6161.6	4.7517
6163.4	3.593
6165.1	2.7655
6166.9	2.9433
6168.7	2.3983
6170.4	3.727
6172.2	2.7947
6173.9	4.6135
6175.7	4.586
6177.4	4.1002
6179.2	3.4021
6180.9	3.8625
6182.7	4.4907
6184.4	2.4912
6186.2	4.8048
6187.9	2.9125
6189.7	4.324
6191.4	3.1012
6193.2	3.3995
6194.9	4.4137
6196.7	3.5631
6198.4	3.1254
6200.2	2.0286
6201.9	3.297
6203.7	2.4063
6205.4	2.8467
6207.2	2.5977
6208.9	3.3397
6210.7	3.9365
6212.5	2.9438
6214.2	3.1709
6216.0	3.839
6217.7	3.1629
6219.5	3.2927
6221.2	2.8258
6223.0	2.957
6224.7	3.9599
6226.5	2.164
6228.2	2.7348
6230.0	4.1158
6231.7	3.6699
6233.5	2.907
6235.2	3.1524
6237.0	2.8018
6238.7	3.5594
6240.5	4.0622
6242.2	2.6104
6244.0	4.513
6245.7	3.006
6247.5	3.7391
6249.2	3.467
6251.0	3.0714
6252.7	2.5557
6254.5	3.4036
6256.2	4.6405
6258.0	3.5442
6259.7	3.2381
6261.5	2.0692
6263.2	3.6876
6265.0	3.7628
6266.7	2.9238
6268.5	4.1335
6270.2	3.371
6272.0	3.5367
6273.7	3.9525
6275.5	3.2607
6277.2	3.3986
6279.0	4.1992
6280.7	2.9344
6282.5	3.3461
6284.2	3.0024
6286.0	3.5999
6287.7	3.0263
6289.5	2.0946
6291.2	1.3511
6293.0	2.8264
6294.7	2.874
6296.5	2.4979
6298.2	2.9262
6300.0	3.2108
6301.7	3.0462
6303.5	2.6098
6305.2	1.419
6307.0	2.543
6308.7	2.8976
6310.5	2.9278
6312.2	1.8546
6314.0	2.9624
6315.7	3.0885
6317.5	2.53
6319.2	1.9253
6321.0	2.344
6322.7	4.2497
6324.5	3.5044
6326.2	2.6702
6328.0	2.2175
6329.7	2.4806
6331.5	2.838
6333.2	2.6489
6335.0	3.0017
6336.7	2.3988
6338.5	2.7372
6340.2	2.1035
6342.0	2.7273
6343.7	1.7534
6345.5	2.6294
6347.2	2.5361
6348.9	3.4187
6350.7	3.163
6352.4	3.5034
6354.2	1.5035
6355.9	3.5117
6357.7	3.2423
6359.4	2.5417
6361.2	3.2813
6362.9	2.9765
6364.7	2.9021
6366.4	2.5149
6368.2	2.804
6369.9	2.0139
6371.7	3.4947
6373.4	2.0012
6375.2	4.4518
6376.9	3.5354
6378.7	3.4214
6380.4	3.6264
6382.2	2.2916
6383.9	1.167
6385.6	2.4618
6387.4	3.4385
6389.1	3.3075
6390.9	2.1564
6392.6	1.5835
6394.4	3.7412
6396.1	1.8695
6397.9	2.6514
6399.6	2.509
6401.4	2.5575
6403.1	2.3521
6404.9	3.0856
6406.6	2.2847
6408.4	3.1447
6410.1	3.1259
6411.8	2.5892
6413.6	3.545
6415.3	3.8686
6417.1	2.5204
6418.8	2.9673
6420.6	3.0718
6422.3	2.7885
6424.1	2.7659
6425.8	2.417
6427.6	4.1159
6429.3	2.4974
6431.1	3.5682
6432.8	2.7073
6434.5	4.9609
6436.3	3.0366
6438.0	3.229
6439.8	2.6467
6441.5	4.2472
6443.3	3.3324
6445.0	4.0483
6446.8	3.8826
6448.5	3.5086
6450.2	4.1924
6452.0	4.0905
6453.7	3.4793
6455.5	3.6299
6457.2	3.9111
6459.0	3.9554
6460.7	4.5782
6462.5	3.8637
6464.2	4.3083
6465.9	3.8879
6467.7	3.6197
6469.4	3.3403
6471.2	3.289
6472.9	3.2319
6474.7	4.0042
6476.4	3.6001
6478.2	3.921
6479.9	3.7321
6481.6	4.5714
6483.4	4.5555
6485.1	5.3205
6486.9	4.5878
6488.6	4.6821
6490.4	3.745
6492.1	4.6056
6493.8	4.2763
6495.6	3.9346
6497.3	5.2173
6499.1	4.7737
6500.8	3.9836
6502.6	4.5495
6504.3	2.6067
6506.0	4.2823
6507.8	3.5839
6509.5	3.768
6511.3	5.5654
6513.0	5.1941
6514.8	4.0923
6516.5	4.2813
6518.2	4.7422
6520.0	5.8222
6521.7	4.7038
6523.5	3.7942
6525.2	4.0861
6527.0	3.5351
6528.7	4.3019
6530.4	4.539
6532.2	4.3241
6533.9	3.7396
6535.7	4.7876
6537.4	4.505
6539.1	3.7226
6540.9	4.9322
6542.6	4.0898
6544.4	3.9468
6546.1	4.0019
6547.8	3.5426
6549.6	3.4897
6551.3	4.2958
6553.1	4.6379
6554.8	3.3078
6556.6	4.1201
6558.3	3.8471
6560.0	3.8135
6561.8	4.7869
6563.5	4.4022
6565.3	5.9616
6567.0	3.5057
6568.7	5.3016
6570.5	3.8522
6572.2	4.3
6574.0	4.443
6575.7	4.377
6577.4	3.7078
6579.2	3.3705
6580.9	4.2701
6582.6	3.4318
6584.4	3.1041
6586.1	4.0093
6587.9	2.5811
6589.6	3.2701
6591.3	3.1762
6593.1	4.1587
6594.8	3.9729
6596.6	3.5828
6598.3	4.8235
6600.0	3.4879
6601.8	4.5166
6603.5	4.9183
6605.3	4.2093
6607.0	2.734
6608.7	4.3907
6610.5	3.7416
6612.2	3.7828
6613.9	3.6755
6615.7	4.3622
6617.4	4.4154
6619.2	3.5137
6620.9	4.5287
6622.6	3.528
6624.4	3.5734
6626.1	3.4105
6627.8	3.9582
6629.6	4.0754
6631.3	2.6558
6633.1	3.6189
6634.8	3.5255
6636.5	2.8624
6638.3	4.7012
6640.0	3.1607
6641.7	3.7198
6643.5	3.4575
6645.2	4.0894
6646.9	2.735
6648.7	4.1084
6650.4	2.1131
6652.2	2.8367
6653.9	3.0591
6655.6	3.7125
6657.4	2.8166
6659.1	3.1739
6660.8	2.1999
6662.6	3.2521
6664.3	2.1245
6666.0	1.4156
6667.8	2.7248
6669.5	2.8995
6671.2	2.7815
6673.0	3.6892
6674.7	3.2171
6676.4	2.8114
6678.2	1.9986
6679.9	2.9002
6681.6	3.2989
6683.4	2.1236
6685.1	2.8099
6686.9	2.9
6688.6	3.5642
6690.3	2.9298
6692.1	2.5162
6693.8	3.4751
6695.5	2.3943
6697.3	3.7553
6699.0	3.4498
6700.7	2.7451
6702.5	2.5717
6704.2	3.0724
6705.9	2.8373
6707.7	3.0562
6709.4	3.7506
6711.1	3.1866
6712.9	3.8795
6714.6	3.1036
6716.3	2.68
6718.0	2.9312
6719.8	3.1962
6721.5	3.3803
6723.2	3.0588
6725.0	3.7164
6726.7	2.6848
6728.4	2.3168
6730.2	3.0025
6731.9	3.218
6733.6	2.4074
6735.4	3.0506
6737.1	3.586
6738.8	2.7676
6740.6	1.9285
6742.3	2.5084
6744.0	2.673
6745.8	2.4086
6747.5	3.5491
6749.2	2.5334
6750.9	2.7419
6752.7	2.0586
6754.4	2.0588
6756.1	2.6424
6757.9	2.8153
6759.6	2.5827
6761.3	2.6901
6763.1	2.6694
6764.8	3.3745
6766.5	2.3868
6768.2	3.4537
6770.0	2.3808
6771.7	1.5733
6773.4	2.7722
6775.2	1.6728
6776.9	1.8559
6778.6	2.859
6780.3	3.092
6782.1	1.1681
6783.8	1.2999
6785.5	1.7018
6787.3	1.5913
6789.0	1.8061
6790.7	1.905
6792.4	2.5607
6794.2	2.4003
6795.9	1.4608
6797.6	2.4218
6799.4	2.6664
6801.1	1.3983
6802.8	1.9776
6804.5	2.3227
6806.3	2.3392
6808.0	1.8832
6809.7	1.7625
6811.4	2.0124
6813.2	1.4763
6814.9	1.5713
6816.6	1.6664
6818.4	1.3633
6820.1	1.2662
6821.8	1.6409
6823.5	2.1535
6825.3	1.4113
6827.0	2.1343
6828.7	2.6075
6830.4	1.1327
6832.2	1.5776
6833.9	1.2404
6835.6	0.061789
6837.3	1.7265
6839.1	0.68583
6840.8	1.2941
6842.5	2.2835
6844.2	1.6469
6846.0	1.8835
6847.7	1.2267
6849.4	0.93262
6851.1	2.4885
6852.9	0.53307
6854.6	1.6181
6856.3	1.4846
6858.0	2.2711
6859.7	1.5839
6861.5	3.079
6863.2	1.7964
6864.9	2.171
6866.6	1.0295
6868.4	0.9656
6870.1	3.286
6871.8	3.2296
6873.5	1.3786
6875.3	1.9198
6877.0	2.4007
6878.7	1.8248
6880.4	1.9098
6882.1	2.9659
6883.9	1.0133
6885.6	0.41913
6887.3	1.7553
6889.0	0.75076
6890.8	3.2253
6892.5	1.7023
6894.2	2.8387
6895.9	2.2176
6897.6	1.8674
6899.4	2.19
6901.1	2.274
6902.8	1.886
6904.5	1.1207
6906.2	2.4159
6908.0	2.7711
6909.7	2.3086
6911.4	1.2718
6913.1	1.8609
6914.8	2.7831
6916.6	2.0771
6918.3	1.6586
6920.0	2.7239
6921.7	1.7898
6923.4	2.6684
6925.2	1.75
6926.9	2.2976
6928.6	2.5305
6930.3	2.2711
6932.0	2.602
6933.8	2.1413
6935.5	1.9688
6937.2	3.0625
6938.9	2.7796
6940.6	2.5523
6942.3	3.3183
6944.1	2.7064
6945.8	2.2622
6947.5	1.6305
6949.2	3.2217
6950.9	3.0601
6952.6	2.9106
6954.4	2.4012
6956.1	2.2398
6957.8	2.4762
6959.5	2.697
6961.2	3.7834
6962.9	2.1305
6964.7	2.9784
6966.4	3.0477
6968.1	2.7399
6969.8	3.3143
6971.5	2.1186
6973.2	2.1986
6975.0	2.0097
6976.7	2.7253
6978.4	2.3026
6980.1	3.3614
6981.8	2.6208
6983.5	2.4748
6985.2	2.1842
6987.0	2.5472
6988.7	3.121
6990.4	2.9078
6992.1	3.5362
6993.8	2.0596
6995.5	3.2197
6997.2	2.5802
6999.0	2.9063
7000.7	1.9307
7002.4	3.3046
7004.1	2.295
7005.8	2.8046
7007.5	2.7412
7009.2	2.5445
7011.0	2.2506
7012.7	2.3852
7014.4	3.0456
7016.1	2.3035
7017.8	2.5202
7019.5	2.3652
7021.2	2.3106
7022.9	2.6937
7024.6	3.3073
7026.4	2.8469
7028.1	2.7294
7029.8	2.916
7031.5	4.0432
7033.2	1.966
7034.9	3.1428
7036.6	2.0656
7038.3	2.8831
7040.0	2.6784
7041.8	3.0975
7043.5	2.5288
7045.2	2.3848
7046.9	2.7387
7048.6	3.1378
7050.3	2.4766
7052.0	2.7295
7053.7	1.6076
7055.4	2.3503
7057.1	2.3202
7058.8	2.5924
7060.6	2.4029
7062.3	3.0017
7064.0	3.4594
7065.7	2.4978
7067.4	2.6916
7069.1	2.2237
7070.8	2.182
7072.5	2.3572
7074.2	3.445
7075.9	3.0722
7077.6	1.9718
7079.3	2.0102
7081.1	2.3667
7082.8	2.0831
7084.5	2.9617
7086.2	2.5648
7087.9	2.246
7089.6	3.23
7091.3	3.4227
7093.0	2.2039
7094.7	2.663
7096.4	2.1615
7098.1	3.2248
7099.8	2.5737
7101.5	2.8816
7103.2	2.5715
7104.9	2.538
7106.6	2.4527
7108.3	3.1788
7110.0	2.7685
7111.8	3.3621
7113.5	2.0826
7115.2	2.3194
7116.9	2.1858
7118.6	2.6745
7120.3	2.2847
7122.0	3.028
7123.7	2.3227
7125.4	3.4515
7127.1	3.4367
7128.8	3.3377
7130.5	3.2752
7132.2	3.9032
7133.9	2.7991
7135.6	3.5783
7137.3	2.8655
7139.0	2.5673
7140.7	3.1048
7142.4	3.2688
7144.1	2.4292
7145.8	2.9825
7147.5	2.8778
7149.2	3.2813
7150.9	2.8094
7152.6	2.9615
7154.3	2.4593
7156.0	3.5911
7157.7	2.73
7159.4	2.4835
7161.1	2.7513
7162.8	2.6792
7164.5	2.3132
7166.2	3.7496
7167.9	2.9198
7169.6	2.8393
7171.3	2.7826
7173.0	2.5558
7174.7	2.6142
7176.4	2.5351
7178.1	3.4845
7179.8	3.8762
7181.5	3.0159
7183.2	2.8056
7184.9	2.2628
7186.6	2.734
7188.3	3.4549
7190.0	4.1552
7191.7	2.5817
7193.4	2.4792
7195.1	4.9361
7196.8	2.4673
7198.5	2.9694
7200.2	3.0014
7201.9	3.0535
7203.6	4.0107
7205.3	3.6153
7207.0	2.6512
7208.7	2.9971
7210.3	3.2496
7212.0	3.6473
7213.7	2.6521
7215.4	2.0996
7217.1	3.4912
7218.8	3.5644
7220.5	3.3364
7222.2	2.1833
7223.9	2.9422
7225.6	2.706
7227.3	2.3218
7229.0	1.8414
7230.7	3.0351
7232.4	2.6507
7234.1	3.0878
7235.8	4.0934
7237.5	4.1252
7239.1	2.7679
7240.8	3.5818
7242.5	3.215
7244.2	3.1687
7245.9	2.5296
7247.6	0.82729
7249.3	3.7012
7251.0	2.5661
7252.7	2.4347
7254.4	3.7656
7256.1	2.0014
7257.8	3.3291
7259.4	2.5249
7261.1	2.7484
7262.8	2.2316
7264.5	2.6738
7266.2	3.4132
7267.9	3.1715
7269.6	1.361
7271.3	2.4475
7273.0	1.525
7274.7	2.7198
7276.3	3.5419
7278.0	1.6366
7279.7	3.3862
7281.4	2.5946
7283.1	2.3973
7284.8	2.152
7286.5	1.9775
7288.2	3.0016
7289.9	2.5066
7291.5	2.4602
7293.2	2.6368
7294.9	3.682
7296.6	4.0
7298.3	2.0691
7300.0	2.919
7301.7	2.8538
7303.3	2.6962
7305.0	2.1773
7306.7	2.2263
7308.4	2.3408
7310.1	2.6558
7311.8	2.5966
7313.5	1.9895
7315.1	2.2999
7316.8	1.6392
7318.5	2.3251
7320.2	1.9745
7321.9	2.0385
7323.6	2.5874
7325.3	3.1068
7326.9	2.7716
7328.6	1.6197
7330.3	2.8889
7332.0	1.4828
7333.7	2.6653
7335.4	2.1208
7337.0	1.3186
7338.7	2.6633
7340.4	2.2894
7342.1	1.2675
7343.8	1.2749
7345.4	2.315
7347.1	2.4313
7348.8	2.7282
7350.5	2.0892
7352.2	2.0125
7353.9	2.2214
7355.5	1.9002
7357.2	1.873
7358.9	1.1884
7360.6	1.6912
7362.3	2.4886
7363.9	2.1734
7365.6	1.5482
7367.3	2.4272
7369.0	1.7159
7370.7	1.9567
7372.3	1.7318
7374.0	0.9977
7375.7	2.5873
7377.4	1.6688
7379.1	2.1005
7380.7	2.3936
7382.4	1.5523
7384.1	2.0339
7385.8	2.3156
7387.4	1.6366
7389.1	1.442
7390.8	1.997
7392.5	1.9537
7394.2	1.9383
7395.8	1.8022
7397.5	1.6389
7399.2	1.3049
7400.9	1.492
7402.5	1.588
7404.2	1.9713
7405.9	1.6151
7407.6	2.2888
7409.2	2.1859
7410.9	1.6867
7412.6	1.2588
7414.3	1.9904
7415.9	1.9543
7417.6	1.2112
7419.3	2.0708
7421.0	1.2764
7422.6	1.2419
7424.3	2.3264
7426.0	1.5916
7427.6	0.69334
7429.3	1.3782
7431.0	1.7045
7432.7	1.7309
7434.3	2.006
7436.0	1.067
7437.7	1.6658
7439.4	1.9236
7441.0	1.7297
7442.7	1.5839
7444.4	1.8427
7446.0	1.6801
7447.7	1.0147
7449.4	1.5413
7451.1	1.9518
7452.7	1.9491
7454.4	1.5207
7456.1	2.079
7457.7	1.7935
7459.4	1.9226
7461.1	1.8023
7462.7	1.3864
7464.4	1.5346
7466.1	2.7808
7467.7	1.9622
7469.4	1.5658
7471.1	0.70822
7472.8	0.87296
7474.4	1.2509
7476.1	1.8088
7477.8	1.4498
7479.4	2.0947
7481.1	2.0403
7482.8	1.3678
7484.4	2.1285
7486.1	1.2861
7487.8	1.2342
7489.4	1.7758
7491.1	2.0533
7492.8	1.2615
7494.4	2.9846
7496.1	1.6298
7497.7	1.3668
7499.4	2.754
7501.1	2.6769
7502.7	1.0481
7504.4	1.528
7506.1	1.2067
7507.7	1.7272
7509.4	1.2546
7511.1	1.9769
7512.7	1.4498
7514.4	1.635
7516.1	2.1773
7517.7	1.9887
7519.4	1.3958
7521.0	1.9126
7522.7	2.6801
7524.4	2.3796
7526.0	0.43339
7527.7	1.6661
7529.3	2.3523
7531.0	1.7877
7532.7	1.1881
7534.3	1.8344
7536.0	1.7874
7537.7	1.5224
7539.3	1.5282
7541.0	1.5761
7542.6	1.6524
7544.3	1.0056
7545.9	1.5337
7547.6	0.72899
7549.3	1.07
7550.9	1.5571
7552.6	1.7812
7554.2	1.3708
7555.9	1.7509
7557.6	1.3268
7559.2	1.646
7560.9	1.1993
7562.5	1.6236
7564.2	1.3724
7565.8	1.7827
7567.5	1.2469
7569.2	1.4094
7570.8	1.1488
7572.5	0.93356
7574.1	1.1366
7575.8	1.0548
7577.4	0.70811
7579.1	1.6423
7580.7	0.73996
7582.4	1.3883
7584.1	1.052
7585.7	2.373
7587.4	1.1774
7589.0	1.1758
7590.7	1.3006
7592.3	1.628
7594.0	0.77543
7595.6	1.0551
7597.3	3.4398
7598.9	0.50657
7600.6	2.1702
7602.2	0.54176
7603.9	0.3841
7605.5	1.3182
7607.2	1.3
7608.9	1.6525
7610.5	2.029
7612.2	1.8636
7613.8	0.70061
7615.5	2.7527
7617.1	2.7279
7618.8	2.0017
7620.4	0.68835
7622.1	1.3468
7623.7	2.026
7625.4	-0.15165
7627.0	1.8242
7628.7	1.7332
7630.3	1.639
7631.9	1.6498
7633.6	3.0925
7635.2	0.91074
7636.9	0.92528
7638.5	1.3799
7640.2	1.1632
7641.8	2.3231
7643.5	1.025
7645.1	0.52168
7646.8	0.6476
7648.4	1.3046
7650.1	1.1958
7651.7	1.5534
7653.4	2.849
7655.0	1.4577
7656.6	2.7687
7658.3	1.2916
7659.9	0.86321
7661.6	1.512
7663.2	0.9084
7664.9	0.467
7666.5	1.5579
7668.2	2.3553
7669.8	1.7311
7671.4	1.0998
7673.1	2.6159
7674.7	1.6034
7676.4	1.862
7678.0	1.4976
7679.7	2.1225
7681.3	1.0778
7682.9	1.3824
7684.6	0.10742
7686.2	1.9416
7687.9	0.81497
7689.5	2.0846
7691.1	0.63857
7692.8	1.2755
7694.4	0.26973
7696.1	1.2208
7697.7	0.52614
7699.3	1.4885
7701.0	1.8026
7702.6	1.0725
7704.3	1.5815
7705.9	1.1501
7707.5	1.0715
7709.2	1.5056
7710.8	1.0667
7712.5	0.85765
7714.1	2.8137
7715.7	0.76362
7717.4	1.8963
7719.0	-0.035019
7720.6	0.91754
7722.3	2.0617
7723.9	1.3138
7725.6	2.2509
7727.2	1.4532
7728.8	2.2033
7730.5	1.5624
7732.1	0.57535
7733.7	1.6927
7735.4	1.8766
7737.0	0.093574
7738.6	0.52431
7741.5	1.454
7743.7	0.85128
7745.9	1.048
7748.0	0.95599
7750.2	1.1188
7752.4	1.1767
7754.5	0.88997
7756.7	0.82231
7758.8	1.1513
7761.0	1.4281
7763.2	1.3449
7765.3	1.7535
7767.5	1.2097
7769.7	-7.2383
7771.8	-0.40181
7774.0	0.71809
7776.2	0.35562
7778.3	1.1667
7780.5	1.3901
7782.7	1.1251
7784.8	1.6503
7787.0	0.79555
7789.1	0.5614
7791.3	0.90333
7793.5	0.88414
7795.6	1.1965
7797.8	0.90066
7800.0	1.1686
7802.1	1.5577
7804.3	1.21
7806.5	0.3828
7808.6	1.3858
7810.8	1.5688
7813.0	0.69195
7815.1	1.5886
7817.3	1.4846
7819.5	1.6594
7821.6	1.6615
7823.8	-0.13852
7825.9	1.5106
7828.1	0.67426
7830.3	0.7725
7832.4	1.7143
7834.6	2.1272
7836.8	0.89548
7838.9	0.49758
7841.1	0.19998
7843.3	0.19236
7845.4	1.2035
7847.6	1.1562
7849.8	0.2392
7851.9	0.94587
7854.1	1.9351
7856.3	0.75147
7858.4	1.2909
7860.6	1.688
7862.8	1.1937
7864.9	1.4117
7867.1	1.0538
7869.3	0.80547
7871.4	1.4169
7873.6	1.1473
7875.8	1.2225
7877.9	1.079
7880.1	1.8675
7882.3	1.0744
7884.4	0.46824
7886.6	2.0384
7888.8	1.3266
7890.9	0.85214
7893.1	0.9428
7895.3	0.90476
7897.4	1.2261
7899.6	0.83968
7901.8	1.5292
7903.9	1.4898
7906.1	0.87376
7908.2	0.89904
7910.4	1.5138
7912.6	1.1986
7914.7	1.128
7916.9	0.93214
7919.1	1.0562
7921.2	1.2077
7923.4	1.06
7925.6	1.202
7927.7	0.52256
7929.9	1.406
7932.1	1.1316
7934.2	1.0595
7936.4	0.86416
7938.6	1.0326
7940.7	1.3425
7942.9	1.0674
7945.1	1.0932
7947.2	1.4536
7949.4	1.2159
7951.6	0.6132
7953.7	1.443
7955.9	0.87533
7958.1	1.4036
7960.2	0.82467
7962.4	1.7489
7964.6	1.7086
7966.7	1.3369
7968.9	1.0711
7971.1	0.68366
7973.2	1.1094
7975.4	1.1353
7977.6	0.85729
7979.7	0.86411
7981.9	1.3807
7984.1	1.1828
7986.2	0.95309
7988.4	0.69649
7990.6	0.85665
7992.8	1.6846
7994.9	1.3477
7997.1	1.716
7999.3	1.1528
8001.4	0.61515
8003.6	1.6018
8005.8	1.0952
8007.9	1.5187
8010.1	1.2217
8012.3	1.7372
8014.4	1.0006
8016.6	0.94304
8018.8	1.2516
8020.9	0.81941
8023.1	1.3627
8025.3	1.0209
8027.4	1.1236
8029.6	1.3604
8031.8	1.3679
8033.9	1.1871
8036.1	1.1153
8038.3	1.5018
8040.4	1.2053
8042.6	1.0609
8044.8	1.1314
8046.9	1.3581
8049.1	1.0471
8051.3	0.95895
8053.4	0.73794
8055.6	1.3568
8057.8	1.3286
8059.9	0.99777
8062.1	1.6201
8064.3	0.7671
8066.4	0.48466
8068.6	0.96802
8070.8	1.3047
8072.9	1.3151
8075.1	1.6841
8077.3	1.2299
8079.4	0.39144
8081.6	1.0904
8083.8	1.136
8085.9	1.199
8088.1	0.96293
8090.3	1.1877
8092.4	1.0908
8094.6	1.4179
8096.8	1.413
8098.9	0.81447
8101.1	1.0834
8103.3	1.0079
8105.4	1.0231
8107.6	1.0738
8109.8	1.4567
8111.9	1.2686
8114.1	1.3589
8116.3	0.8961
8118.4	1.2918
8120.6	1.1104
8122.8	1.1183
8124.9	1.4453
8127.1	1.7056
8129.3	1.2817
8131.4	0.69696
8133.6	1.064
8135.8	1.0789
8137.9	1.5998
8140.1	1.0996
8142.3	1.571
8144.4	1.1936
8146.6	1.0442
8148.8	1.1757
8150.9	1.0248
8153.1	1.3065
8155.3	1.5962
8157.4	1.2669
8159.6	1.2057
8161.8	1.1568
8163.9	1.0476
8166.1	0.84468
8168.3	0.67628
8170.4	1.0619
8172.6	0.99578
8174.8	1.8977
8176.9	1.0522
8179.1	1.474
8181.3	1.0085
8183.4	1.2679
8185.6	1.1561
8187.8	1.5357
8189.9	0.88646
8192.1	1.3379
8194.3	0.89102
8196.4	0.84479
8198.6	1.2047
8200.8	1.0577
8202.9	0.68758
8205.1	1.2177
8207.3	0.95694
8209.4	0.94576
8211.6	0.93487
8213.8	0.95217
8215.9	1.2954
8218.1	1.0824
8220.3	1.178
8222.4	1.6309
8224.6	0.75853
8226.8	1.3122
8228.9	0.86052
8231.1	0.74547
8233.3	0.33864
8235.4	0.85961
8237.6	0.6377
8239.8	0.74749
8241.9	0.5796
8244.1	1.3071
8246.3	0.72105
8248.4	1.3323
8250.6	1.2248
8252.8	1.3673
8254.9	1.1626
8257.1	0.65692
8259.3	0.61341
8261.4	0.38624
8263.6	0.47425
8265.8	0.63849
8267.9	0.81416
8270.1	1.0055
8272.2	1.0907
8274.4	1.1198
8276.6	0.16344
8278.7	0.98776
8280.9	1.2758
8283.1	1.3534
8285.2	0.81543
8287.4	0.88321
8289.6	0.1586
8291.7	0.44943
8293.9	0.35887
8296.1	0.84815
8298.2	0.2262
8300.4	1.1157
8302.6	1.057
8304.7	0.54091
8306.9	1.242
8309.1	0.64552
8311.2	0.78628
8313.4	1.1986
8315.6	1.2248
8317.7	0.69378
8319.9	0.81049
8322.0	1.1715
8324.2	1.1748
8326.4	0.629
8328.5	0.90312
8330.7	1.0338
8332.9	0.78233
8335.0	0.48915
8337.2	0.7414
8339.4	0.78867
8341.5	1.3778
8343.7	1.0752
8345.9	1.7891
8348.0	0.49758
8350.2	1.2452
8352.3	1.4445
8354.5	1.326
8356.7	0.33747
8358.8	0.95508
8361.0	1.099
8363.2	0.77755
8365.3	1.4525
8367.5	0.027758
8369.7	0.7513
8371.8	0.85789
8374.0	1.0347
8376.1	0.96187
8378.3	0.24279
8380.5	0.85451
8382.6	0.72477
8384.8	0.57314
8387.0	1.1182
8389.1	0.96912
8391.3	0.88607
8393.5	0.50065
8395.6	0.60586
8397.8	0.036866
8399.9	0.75202
8402.1	0.87607
8404.3	0.72594
8406.4	0.94949
8408.6	0.59461
8410.8	0.22702
8412.9	0.75858
8415.1	0.9783
8417.2	0.65848
8419.4	0.8901
8421.6	1.0172
8423.7	0.71137
8425.9	-0.069763
8428.1	1.187
8430.2	0.91707
8432.4	0.55463
8434.5	1.0091
8436.7	0.68206
8438.9	0.7477
8441.0	0.41444
8443.2	1.0878
8445.4	1.1488
8447.5	1.0162
8449.7	1.1042
8451.8	0.87
8454.0	0.42223
8456.2	0.57759
8458.3	0.91365
8460.5	0.45371
8462.6	1.0801
8464.8	0.89725
8467.0	0.82538
8469.1	0.92964
8471.3	0.80909
8473.4	0.82066
8475.6	0.26776
8477.8	1.0046
8479.9	0.88231
8482.1	0.66266
8484.3	1.296
8486.4	1.1292
8488.6	0.56296
8490.7	1.3048
8492.9	1.0779
8495.1	0.89033
8497.2	0.48625
8499.4	0.8938
8501.5	0.33724
8503.7	1.1994
8505.9	0.47844
8508.0	0.70219
8510.2	1.4253
8512.3	0.70209
8514.5	0.61983
8516.7	0.82492
8518.8	0.39054
8521.0	1.2636
8523.1	0.80804
8525.3	1.157
8527.5	0.89709
8529.6	0.70391
8531.8	0.95785
8533.9	0.82577
8536.1	1.0786
8538.2	0.76248
8540.4	1.1841
8542.6	1.0429
8544.7	0.65852
8546.9	0.80436
8549.0	1.0605
8551.2	0.70973
8553.4	1.0473
8555.5	1.1978
8557.7	0.8963
8559.8	1.3559
8562.0	0.91057
8564.1	0.67569
8566.3	1.0667
8568.5	0.70267
8570.6	1.0015
8572.8	0.7551
8574.9	1.2293
8577.1	0.50175
8579.2	0.6543
8581.4	0.92686
8583.6	0.74384
8585.7	0.9553
8587.9	0.67846
8590.0	0.99839
8592.2	0.85393
8594.3	0.6955
8596.5	0.77957
8598.7	0.78418
8600.8	1.0924
8603.0	0.26356
8605.1	0.61617
8607.3	0.58063
8609.4	0.79442
8611.6	1.123
8613.8	0.88478
8615.9	1.1164
8618.1	-0.016434
8620.2	1.4066
8622.4	0.35088
8624.5	1.1594
8626.7	0.44056
8628.8	1.1168
8631.0	1.0617
8633.2	0.35191
8635.3	0.31255
8637.5	0.49185
8639.6	0.80868
8641.8	1.0284
8643.9	0.89789
8646.1	0.74579
8648.2	1.2632
8650.4	1.078
8652.6	0.59097
8654.7	1.0379
8656.9	0.76046
8659.0	0.8004
8661.2	0.66564
8663.3	1.493
8665.5	0.56174
8667.6	1.0462
8669.8	1.0556
8671.9	0.42996
8674.1	1.1114
8676.2	0.58966
8678.4	0.58477
8680.6	0.93638
8682.7	0.82691
8684.9	0.55738
8687.0	1.2031
8689.2	1.2017
8691.3	1.1286
8693.5	0.45508
8695.6	1.0865
8697.8	0.84429
8699.9	1.2564
8702.1	1.1055
8704.2	0.77922
8706.4	0.87267
8708.5	1.0122
8710.7	0.92628
8712.8	1.0104
8715.0	0.98926
8717.1	0.46446
8719.3	0.51759
8721.4	0.93769
8723.6	0.497
8725.8	0.69904
8727.9	0.86397
8730.1	0.73668
8732.2	0.87818
8734.4	1.351
8736.5	1.0774
8738.7	1.3765
8740.8	0.83774
8743.0	0.69328
8745.1	1.2249
8747.3	1.0098
8749.4	1.0962
8751.6	0.67638
8753.7	0.97407
8755.9	0.62477
8758.0	0.74907
8760.2	1.0121
8762.3	0.23356
8764.5	0.84773
8766.6	1.249
8768.8	1.1364
8770.9	0.64514
8773.1	0.18392
8775.2	1.3395
8777.3	1.7537
8779.5	0.28229
8781.6	0.62645
8783.8	1.0097
8785.9	1.2721
8788.1	0.7348
8790.2	0.93866
8792.4	0.75761
8794.5	0.76955
8796.7	0.64255
8798.8	1.1306
8801.0	0.95468
8803.1	1.0675
8805.3	0.94863
8807.4	0.70217
8809.6	1.2393
8811.7	0.86678
8813.9	0.38907
8816.0	0.80442
8818.2	1.0472
8820.3	0.85851
8822.4	-0.40788
8824.6	1.9274
8826.7	2.5815
8828.9	0.33481
8831.0	0.48429
8833.2	0.6686
8835.3	1.0842
8837.5	1.0078
8839.6	1.0016
8841.8	0.61973
8843.9	0.79292
8846.0	0.98047
8848.2	1.3028
8850.3	0.73446
8852.5	0.724
8854.6	0.94856
8856.8	0.74816
8858.9	1.1862
8861.1	0.84165
8863.2	0.35599
8865.3	1.4475
8867.5	1.2564
8869.6	0.35206
8871.8	1.4198
8873.9	0.78029
8876.1	0.99933
8878.2	1.1358
8880.4	0.6333
8882.5	0.29248
8884.6	1.0327
8886.8	1.2636
8888.9	0.97608
8891.1	0.93025
8893.2	0.6407
8895.3	0.95589
8897.5	0.49
8899.6	1.0178
8901.8	1.0675
8903.9	1.5537
8906.1	1.1499
8908.2	0.99916
8910.3	0.6886
8912.5	0.80319
8914.6	-0.29046
8916.8	0.43034
8918.9	1.04
8921.0	0.94595
8923.2	1.4119
8925.3	0.81198
8927.5	0.57386
8929.6	0.63126
8931.7	1.2639
8933.9	1.1642
8936.0	0.79045
8938.2	0.51764
8940.3	0.76439
8942.4	1.7047
8944.6	1.1941
8946.7	0.8872
8948.9	1.0767
8951.0	0.64157
8953.1	-0.15107
8955.3	2.1291
8957.4	2.5875
8959.6	0.39295
8961.7	1.1025
8963.8	1.2405
8966.0	0.67052
8968.1	0.99917
8970.2	0.98021
8972.4	0.99529
8974.5	0.71752
8976.7	0.92649
8978.8	0.68974
8980.9	0.84182
8983.1	0.92863
8985.2	1.1293
8987.3	1.0902
8989.5	0.79871
8991.6	0.88461
8993.7	0.62966
8995.9	0.15551
8998.0	2.0139
9000.1	1.229
9002.3	1.2119
9004.4	0.5619
9006.6	0.7054
9008.7	1.1571
9010.8	1.0674
9013.0	0.86934
9015.1	0.64368
9017.2	0.46266
9019.4	0.80505
9021.5	0.49786
9023.6	0.55842
9025.8	0.41452
9027.9	0.93786
9030.0	0.62113
9032.2	0.32971
9034.3	0.079878
9036.4	1.4497
9038.6	0.45588
9040.7	0.8185
9042.8	0.5815
9045.0	0.14197
9047.1	1.0776
9049.2	1.3613
9051.4	0.38403
9053.5	0.61787
9055.6	0.8256
9057.7	0.98753
9059.9	0.53664
9062.0	0.8863
9064.1	0.70048
9066.3	-0.070203
9068.4	1.1776
9070.5	0.84643
9072.7	0.46675
9074.8	0.65285
9076.9	0.80113
9079.1	0.050084
9081.2	0.52148
9083.3	0.56399
9085.4	0.39315
9087.6	0.70579
9089.7	1.0637
9091.8	0.75871
9094.0	0.74096
9096.1	0.93682
9098.2	0.52816
9100.3	1.2408
9102.5	1.0217
9104.6	-0.1256
9106.7	0.64561
9108.9	0.32791
9111.0	0.31752
9113.1	0.47701
9115.2	1.0202
9117.4	0.57314
9119.5	0.3459
9121.6	0.18452
9123.7	0.89903
9125.9	0.25649
9128.0	0.90983
9130.1	0.2394
9132.2	0.78426
9134.4	0.37107
9136.5	0.36911
9138.6	0.78702
9140.8	0.58479
9142.9	0.21798
9145.0	0.49833
9147.1	0.72778
9149.2	0.63244
9151.4	1.0821
9153.5	0.94379
9155.6	0.14822
9157.7	0.79763
9159.9	0.85597
9162.0	0.38012
9164.1	1.2587
9166.2	0.46112
9168.4	0.39939
9170.5	1.1051
9172.6	0.74544
9174.7	0.6194
9176.9	0.86858
9179.0	0.61984
9181.1	0.71221
9183.2	0.63493
9185.3	0.43705
9187.5	0.89568
9189.6	0.71094
9191.7	0.67137
9193.8	0.45927
9195.9	0.4031
9198.1	0.73644
9200.2	0.67122
9202.3	0.69522
9204.4	0.46757
9206.5	0.60873
9208.7	0.8406
9210.8	0.96362
9212.9	0.38727
9215.0	0.19735
9217.1	0.54999
9219.3	0.34782
9221.4	0.44785
9223.5	0.64248
9225.6	0.47784
9227.7	0.69407
9229.9	0.58202
9232.0	1.0483
9234.1	0.74301
9236.2	0.73414
9238.3	0.74929
9240.4	0.57772
9242.6	0.86704
9244.7	0.81008
9246.8	1.0989
9248.9	1.0495
9251.0	0.74054
9253.1	0.98389
9255.3	0.84138
9257.4	0.97741
9259.5	0.54326
9261.6	0.71881
9263.7	0.94622
9265.8	0.71239
9267.9	0.55972
9270.1	0.39359
9272.2	0.97263
9274.3	0.44093
9276.4	0.95562
9278.5	0.59837
9280.6	0.68235
9282.7	0.52894
9284.9	1.0418
9287.0	0.86787
9289.1	0.48961
9291.2	1.1064
9293.3	0.94673
9295.4	0.96983
9297.5	1.0799
9299.6	0.78347
9301.8	-0.59166
9303.9	1.3034
9306.0	0.23348
9308.1	-1.2985
9310.2	2.211
9312.3	2.1558
9314.4	2.1039
9316.5	1.3415
9318.6	-0.57023
9320.7	2.1851
9322.9	3.2414
9325.0	0.040006
9327.1	0.84432
9329.2	1.3314
9331.3	3.0445
9333.4	0.78719
9335.5	2.1862
9337.6	3.2888
9339.7	4.4695
9341.8	3.6597
9343.9	0.48506
9346.0	0.60697
9348.2	1.2257
9350.3	0.99441
9352.4	2.8394
9354.5	1.786
9356.6	1.2297
9358.7	1.1109
9360.8	0.97018
9362.9	0.70733
9365.0	1.1946
9367.1	2.9285
9369.2	1.0126
9371.3	-2.0011
9373.4	2.2715
9375.5	8.3347
9377.6	5.4808
9379.7	3.7386
9381.8	1.7655
9383.9	0.56243
9386.1	1.3712
9388.2	1.1218
9390.3	0.8983
9392.4	0.88384
9394.5	1.373
9396.6	0.45737
9398.7	1.5865
9400.8	0.95331
9402.9	0.98648
9405.0	1.859
9407.1	2.2667
9409.2	1.6677
9411.3	1.0859
9413.4	1.1387
9415.5	1.1861
9417.6	2.2008
9419.7	2.2221
9421.8	0.84338
9423.9	2.9147
9426.0	2.6504
9428.1	1.2691
9430.2	0.92279
9432.3	1.7232
9434.4	-0.9217
9436.5	1.1123
9438.6	2.2551
9440.7	-1.0575
9442.8	1.1462
9444.9	0.57829
9447.0	1.2363
9449.1	0.72104
9451.2	2.8342
9453.3	1.2005
9455.4	3.2215
9457.5	4.2175
9459.5	1.7597
9461.6	1.3445
9463.7	1.41
9465.8	1.5969
9467.9	1.5882
9470.0	1.1258
9472.1	-1.0082
9474.2	2.1062
9476.3	1.7217
9478.4	-1.8695
9480.5	1.7484
9482.6	0.79093
9484.7	0.99951
9486.8	1.4397
9488.9	1.465
9491.0	1.8881
9493.1	1.9059
9495.2	1.6474
9497.2	0.84453
9499.3	1.2708
9501.4	0.37824
9503.5	1.3706
9505.6	1.0554
9507.7	1.358
9509.8	1.3268
9511.9	1.1876
9514.0	0.89022
9516.1	0.68993
9518.2	2.8546
9520.2	1.4042
9522.3	1.5082
9524.4	1.1785
9526.5	2.1032
9528.6	1.0079
9530.7	1.2567
9532.8	0.58698
9534.9	1.9227
9537.0	1.561
9539.0	1.6042
9541.1	1.6923
9543.2	1.6906
9545.3	1.2386
9547.4	0.13886
9549.5	2.5365
9551.6	0.72884
9553.7	1.3991
9555.7	1.3491
9557.8	0.95046
9559.9	1.3226
9562.0	0.018429
9564.1	-1.3127
9566.2	1.2339
9568.2	1.4206
9570.3	1.8166
9572.4	1.2375
9574.5	1.5635
9576.6	2.0257
9578.7	1.3627
9580.7	0.76268
9582.8	1.1626
9584.9	2.3769
9587.0	1.9324
9589.1	1.9558
9591.2	2.0609
9593.2	1.6725
9595.3	1.3399
9597.4	1.3932
9599.5	1.4533
9601.6	1.5215
9603.6	1.3444
9605.7	1.8796
9607.8	1.3502
9609.9	1.3496
9612.0	1.5201
9614.0	1.5212
9616.1	1.128
9618.2	1.7296
9620.3	3.0123
9622.4	1.1952
9624.4	1.6733
9626.5	1.1909
9628.6	1.1301
9630.7	0.97218
9632.8	2.1912
9634.8	1.4562
9636.9	1.0581
9639.0	0.80564
9641.1	1.5682
9643.1	1.4246
9645.2	0.98874
9647.3	1.2932
9649.4	1.2307
9651.4	1.2275
9653.5	1.2578
9655.6	1.1383
9657.7	2.0129
9659.7	2.0763
9661.8	1.2279
9663.9	0.87798
9666.0	1.3284
9668.0	1.3592
9670.1	1.4606
9672.2	1.2765
9674.2	1.0704
9676.3	1.097
9678.4	1.1045
9680.5	1.8855
9682.5	1.29
9684.6	1.8676
9686.7	1.1639
9688.7	1.2515
9690.8	1.1008
9692.9	1.0129
9695.0	1.4289
9697.0	1.9103
9699.1	0.90258
9701.2	0.3977
9703.2	1.5418
9705.3	1.2858
9707.4	1.067
9709.4	1.4457
9711.5	1.393
9713.6	1.7627
9715.6	0.88203
9717.7	2.0853
9719.8	1.0347
9721.8	1.4688
9723.9	1.3692
9726.0	1.0745
9728.0	1.4517
9730.1	1.4778
9732.2	1.6217
9734.2	1.8058
9736.3	1.7711
9738.4	1.1762
9740.4	1.1924
9742.5	1.5042
9744.5	1.3286
9746.6	1.3418
9748.7	1.35
9750.7	1.1204
9752.8	2.2721
9754.9	1.2344
9756.9	1.1206
9759.0	1.6532
9761.0	1.4653
9763.1	0.76653
9765.2	0.8708
9767.2	0.98814
9769.3	1.6097
9771.3	1.3467
9773.4	0.8679
9775.5	1.1912
9777.5	1.5309
9779.6	1.238
9781.6	0.98958
9783.7	1.1129
9785.8	0.38387
9787.8	0.83774
9789.9	1.5738
9791.9	0.65228
9794.0	1.2352
9796.0	0.95128
9798.1	1.6734
9800.2	0.90664
9802.2	0.81002
9804.3	0.75001
9806.3	1.1533
9808.4	0.77038
9810.4	0.43804
9812.5	0.78845
9814.5	0.83567
9816.6	1.27
9818.7	1.6189
9820.7	1.0793
9822.8	1.3061
9824.8	1.1586
9826.9	0.75873
9828.9	0.92526
9831.0	0.76411
9833.0	1.0782
9835.1	0.82896
9837.1	0.7565
9839.2	1.1507
9841.2	0.90592
9843.3	0.1597
9845.3	1.3247
9847.4	1.0452
9849.4	0.96472
9851.5	0.62834
9853.5	0.60345
9855.6	0.7073
9857.6	1.0585
9859.7	1.6262
9861.7	0.89999
9863.8	0.53932
9865.8	0.84179
9867.9	-0.14032
9869.9	2.0115
9872.0	1.6128
9874.0	0.90083
9876.1	1.4464
9878.1	1.0322
9880.1	1.1943
9882.2	0.82582
9884.2	0.76669
9886.3	1.0412
9888.3	0.46367
9890.4	0.0962
9892.4	2.04
9894.5	1.0465
9896.5	0.69717
9898.5	1.0505
9900.6	1.0591
9902.6	1.0264
9904.7	1.2677
9906.7	0.51207
9908.7	0.50128
9910.8	0.26581
9912.8	-0.021262
9914.9	1.2091
9916.9	0.75122
9919.0	0.77319
9921.0	0.81837
9923.0	0.53121
9925.1	0.65593
9927.1	0.88413
9929.1	0.70805
9931.2	0.47203
9933.2	0.58527
9935.3	1.1097
9937.3	-0.88601
9939.3	1.6159
9941.4	0.19736
9943.4	2.1335
9945.4	0.62894
9947.5	1.4743
9949.5	1.4242
9951.6	0.15984
9953.6	1.4802
9955.6	1.2475
9957.7	0.89628
9959.7	1.3234
9961.7	1.0739
9963.8	-0.54639
9965.8	0.55741
9967.8	0.89805
9969.9	1.2612
9971.9	1.099
9973.9	0.2939
9976.0	1.1314
9978.0	1.0095
9980.0	1.4188
9982.0	1.3637
9984.1	0.77247
9986.1	0.14959
9988.1	0.52742
9990.2	1.2796
9992.2	0.16497
9994.2	0.45242
9996.3	0.96109
9998.3	0.74776
10000.0	0.68186
10002.0	0.75815
10004.0	1.2802
10006.0	0.80853
10008.0	-1.384
10010.0	-0.1825
10012.0	1.5048
10015.0	-0.57205
10017.0	1.3482
10019.0	1.4442
10021.0	-0.073112
10023.0	0.50579
10025.0	0.82098
10027.0	0.67973
10029.0	0.62968
10031.0	0.72209
10033.0	0.48637
10035.0	1.0143
10037.0	0.73878
10039.0	0.13878
10041.0	1.274
10043.0	0.63338
10045.0	1.0608
10047.0	1.3826
10049.0	1.0209
10051.0	1.2127
10053.0	1.3254
10055.0	0.088804
10057.0	0.72135
10059.0	0.1125
10061.0	0.35455
10063.0	0.57707
10065.0	1.1201
10067.0	-0.18363
10069.0	1.363
10071.0	0.85137
10073.0	1.5067
10075.0	1.1949
10077.0	-1.1637
10079.0	2.4643
10081.0	0.097036
10083.0	1.2455
10085.0	0.6959
10087.0	0.78551
10089.0	0.83927
10091.0	0.5761
10093.0	0.63109
10095.0	1.0569
10097.0	0.15287
10099.0	0.58699
10101.0	0.68746
10103.0	-0.27106
10105.0	0.58454
10107.0	0.41792
10109.0	0.2673
10111.0	1.3357
10113.0	0.90054
10115.0	0.40618
10117.0	0.90776
10119.0	-1.3179
10121.0	0.85221
10123.0	1.0302
10125.0	0.54529
10127.0	2.5505
10129.0	1.0747
10131.0	0.37672
10133.0	1.065
10135.0	0.92048
10138.0	0.20032
10140.0	0.97843
10142.0	0.52021
10144.0	1.8425
10146.0	0.28231
10148.0	-0.12711
10150.0	-0.8559
10152.0	1.0943
10154.0	-1.0176
10156.0	0.49183
10158.0	1.151
10160.0	0.74438
10162.0	0.043577
10164.0	0.072396
10166.0	0.44349
10168.0	-1.4932
10170.0	1.154
10172.0	0.33708
10174.0	1.8951
10176.0	0.89272
10178.0	-0.37124
10180.0	0.047334
10182.0	0.45197
10184.0	-0.56229
10186.0	-0.31144
10188.0	3.0657
10190.0	1.8175
10192.0	-0.65694
10194.0	1.0911
10196.0	0.931
10198.0	1.8656
10200.0	-0.0015751
10202.0	0.93874
10204.0	1.4734
10206.0	1.0518
10208.0	0.88014
10210.0	-2.4496
10212.0	-2.2021
10214.0	0.43526
10216.0	0.42563
10218.0	-0.30601
10219.0	-0.12707
10221.0	1.9477
10223.0	1.8809
10225.0	0.20197
10227.0	0.54286
10229.0	1.7494
10231.0	1.7914
10233.0	-0.56208
10235.0	-0.66315
10237.0	-0.017457
10239.0	0.58513
10241.0	1.2395
10243.0	0.95797
10245.0	1.2246
10247.0	-0.26886
10249.0	-0.083947
10251.0	1.0683
10253.0	1.0859
10255.0	-0.94422
10257.0	0.37198
10259.0	-0.084644
10261.0	0.82644
10263.0	-0.82953
10265.0	0.80235
10267.0	-0.27742
10269.0	2.4086
10271.0	-0.43806
10273.0	2.6403
10275.0	1.5002
10277.0	0.39275
10279.0	-0.092252
10281.0	-7.7027
10283.0	1.5512
10285.0	0.25312
10287.0	-3.355
10289.0	2.436
10291.0	0.017643
10293.0	-2.4999
10295.0	0.59248
10297.0	1.9525
10299.0	-0.50019
10301.0	-4.0177
10303.0	2.6656
10305.0	2.0754
10307.0	0.6202
10309.0	-1.4637
10311.0	1.3186
10313.0	0.47806
10315.0	-2.0723
10317.0	0.26504
10319.0	3.905
10321.0	-0.1032
10323.0	0.82599
10325.0	-1.6266
10327.0	0.4509
10329.0	1.4019
10331.0	1.7455
10333.0	3.0756
10335.0	2.2157
10336.0	-0.41311
10338.0	0.92674
10340.0	1.6209
10342.0	-0.97208
10344.0	-2.8854
10346.0	-0.13894
10348.0	1.245
10350.0	0.056811
10352.0	0.9915
10354.0	2.9836
10356.0	0.89228
10358.0	-0.48758
10360.0	0.58298
10362.0	4.3453
10364.0	3.5955
10366.0	-1.0971
10368.0	-6.458
10370.0	4.1829
10372.0	4.0651
10374.0	-1.9873
10376.0	1.1921
10378.0	-0.086113
10380.0	-2.1517
10382.0	4.4272
10384.0	1.7706
10386.0	-1.4155
10388.0	1.2414
10390.0	-1.7913
10392.0	8.4354
10394.0	-0.66026
10395.0	-2.6611
10397.0	3.4316
