3500.349126943685 1.2473890869717628 0.08647611175421188
3504.513189093782 1.2414003227649701 0.04831785601563594
3507.2962300172894 -7.145315796829239 0.05352294638861724
3511.4817660092667 1.0254753279009092 0.09841560580858773
3515.656174549736 5.1299060448200535 0.05285771112691994
3518.4463394637937 -10.699482286377734 0.06421964221049878
3521.238364210884 7.511704821242571 0.05677215439620817
3525.4381986274625 -0.36923804658150444 0.126394013560378
3529.625262437035 6.903203147208755 0.06002502477660785
3532.42429995251 -2.251917629708216 0.06763747262705576
3535.2255515668558 -5.3520027817271085 0.07267493633996804
3539.4392157265784 0.5141215395009209 0.14834837398705727
3543.638877280324 -1.4574137545014831 0.07793535799827064
3546.4469467254435 -2.0103782454476518 0.08418130609297603
3549.256744803536 6.403435654648756 0.0773685910487882
3553.48450052259 -5.624731096444076 0.19047949640321019
3557.696845357416 6.07045682511048 0.089151195099906
3560.5136633738543 -5.756831661480821 0.11126028682058502
3563.3323548987337 6.547225299610429 0.10103722472191623
3567.5736433641164 1.2428650807129153 0.21943846558855556
3571.7987382711094 7.71731861067649 0.10940896129082875
3574.62413666257 -1.1414835230758438 0.13084247207623723
3577.4516390327913 8.314317569510008 0.11354214242437241
3581.706391982178 1.9474162519598044 0.268639252713314
3585.9441484307094 0.15951977553758068 0.13659907463634352
3588.778438664358 1.1315310736859345 0.1410710400187639
3591.6143437953037 0.058784625564776184 0.1454731136161162
3595.882314225391 4.2608620903000896 0.2862323097366789
3600.132817241476 3.796815241025587 0.15380894544789622
3602.975523289303 3.91825975073401 0.1624285162269867
3605.8202781519863 -0.9545258351029373 0.1718830716844631
3608.6668396064983 5.018312283894609 0.1615551361809412
3612.949868021488 3.532174779704034 0.3516384438800825
3617.2157374953126 -2.1403185507844165 0.19602483946741237
3620.068920902357 -1.5332641793317254 0.19465429701625034
3622.923740071973 -3.759776434734031 0.21528232112933574
3627.2198614663985 3.4413028799285934 0.39691692089318614
3631.498437229559 2.7043109208292657 0.21123702816169318
3634.3600120541137 1.0747274580710462 0.21977656513834173
3637.2232957357837 4.556826411446961 0.2086785077678
3641.53192257439 1.5233909829313492 0.4598336972747746
3645.8231634497242 -1.9091878504355444 0.2628644740272857
3648.69324242395 2.326399690367841 0.24147191517461655
3651.564851753505 2.939594126300754 0.2484166256407866
3654.438207960778 -0.41331200060945306 0.2626323816183947
3658.7616067395415 1.2735607812525054 0.5188351287739671
3663.068255370247 -0.46791424275310883 0.27599753313735115
3665.9481521867438 -0.24412731783794853 0.2930094341143073
3668.829846335822 1.5111080613617835 0.29285057874305864
3673.1654086355898 3.163522203930351 0.5909861834490217
3677.484912505319 4.07786903065264 0.30911320991988633
3680.372919943588 3.0072041170322454 0.31391737778514
3683.2627497837593 5.4145843882233855 0.3280796013541444
3686.1542542193347 5.463840934107822 0.31468330608717127
3690.504455647188 3.75236977811716 0.6742818888073527
3694.8386540481993 3.761451757049029 0.3377938820095681
3697.73674463834 5.2045796351454205 0.3433081835180407
3700.6363346801545 5.45429259530519 0.3454718940676956
3704.9985706993316 3.341790366480716 0.7556083778570492
3709.3449958849037 6.347599478560914 0.35466894012857486
3712.2514435253315 2.5248638324106185 0.4080487095828433
3715.159144926552 5.603257745933251 0.39220742690850363
3718.0682936705243 0.15665348499501922 0.457329960406815
3722.444996116224 1.537839959061661 0.9412890734706254
3726.806198261793 3.5076801084371025 0.47879698272353877
3729.7220360185484 2.0322564049429475 0.50130954730958
3732.6393283871403 4.159790304432728 0.49284809300014565
3735.5585319233037 2.60961808244443 0.5192105913452065
3739.9493939652134 3.7497920601679056 1.0901147292871534
3744.3249424630335 4.344268638765739 0.5534449919944928
3747.2502402671767 0.7946248818876606 0.5964651144146704
3750.1771778668876 3.053603558186251 0.5841195370467797
3753.1057245036927 4.044284093306419 0.5733173279390257
3757.511179973545 3.8313915047326272 1.1967504196900167
3761.900735102545 2.276142358634171 0.6190084152508835
3764.835389435754 3.848867313823969 0.6396737522815766
3767.771960922361 3.5472924518945343 0.6262176922206851
3770.7101880360156 3.9207830589990564 0.6259020814906991
3775.129611059111 2.605135238016364 1.277016200304208
3779.533167823193 4.055842691571563 0.6162430883003985
3782.477342139389 3.6390983705363382 0.6581937890732437
3785.423059343679 3.0630213015339183 0.7046881305007596
3788.370356981337 3.4150432359370355 0.7215946174503394
3792.8042081412627 2.6993683356508567 1.5516771993194234
3797.2215186177227 3.2359956322461136 0.7791698065714252
3800.1749086137615 4.901348444241232 0.7651723249451717
3803.129981215096 2.596212211183627 0.7869214023112093
3806.086491777067 5.421081694857354 0.770864909767928
3810.534417164337 4.073005044365388 1.6365923206996138
3814.9653534695753 2.0959428283728077 0.8946073483631708
3817.927918625062 4.474492396327556 0.9307436365532945
3820.8922967811036 5.253040561234173 0.9370280106974535
3823.857922769063 4.683121069177827 0.9882244262435781
3826.825144742789 5.413553776431828 1.0317272001581497
3831.289119018968 4.409039215978106 2.1952752628537167
3835.7358817019576 4.560366466668506 1.1080844512477293
3838.709126174795 3.6115576857819502 1.1099783889172796
3841.68388274693 4.472983108925657 1.0754212176812559
3844.660148925121 3.654431261421575 1.1128225169609738
3849.1377948000745 4.863824696585621 2.080395551765481
3853.5980105566423 4.25335738762267 1.1185489124115113
3856.5803020762314 4.326964007584468 1.1585748809194758
3859.5641151849463 4.163433422349893 1.2243954647615714
3862.5493237286423 5.252975241025652 1.1538479134213033
3865.5360555386083 5.257060971048054 1.1948652030549614
3870.029122083327 4.402956065888439 2.506917825666252
3874.5050141978004 4.522041792866154 1.3728086027290527
3877.497612538349 4.5701957484133455 1.3417413146151154
3880.491959396156 4.823143895439616 1.318000814633303
3883.4875343655626 4.342806817112985 1.3925688492293418
3887.994036254123 5.171953727921731 2.688503332997457
3892.4831044169673 3.7489287249067136 1.3974105035917044
3895.484594339787 4.49425494042293 1.348876586771336
3898.4875517921632 5.624345907737929 1.3048959766408634
3901.4918917458413 4.442846217808323 1.3486190278913248
3904.4977180800793 5.338247904058588 1.3177432265588902
3909.0197290172873 4.217730482489648 2.658142724572403
3913.523766363674 3.957203479404495 1.3703234156769208
3916.5355703817577 3.9269750931016323 1.4032806237447972
3919.548664041101 2.8807481808620246 1.4957030381286809
3922.5631419979973 2.795106594941234 1.690985609057382
3925.579167319744 4.379446926244191 1.7718339458729273
3930.1160768552263 2.790927449674651 4.196656898220664
3934.6357143222167 4.296313602234422 2.197734282229641
3937.657277308476 3.776525197488343 2.1547550955529844
3940.68041747524 4.793067039129555 1.939635050164658
3943.7048566162966 5.310942253013694 1.824468738355586
3946.730863236796 5.106844171107699 1.737472502891206
3951.2834728591974 4.311931206684981 3.431622187273839
3955.817140203317 3.968476713378006 1.7702110613044182
3958.8486859370537 2.4869750343561883 1.9799815732255925
3961.8817684428864 2.825093683116135 2.1362681251455373
3964.9161846786355 3.7067384031481834 2.2133540199540347
3967.952032557914 3.311852354494901 2.4931956965812625
3970.989262986558 3.571515997159999 2.472941156738725
3975.559061093439 3.722227214524918 4.4935740840603025
3980.109358397765 2.6261912153038907 2.1042678594326656
3983.152182308825 4.00504256736473 1.921701678002346
3986.1963676848263 1.732462833493644 2.077848912372061
3989.2419678842925 2.7852146469415673 1.9167533647868764
3992.2887125591137 2.6333410371857773 1.9534828005750526
3996.8739556975297 1.507632797578864 4.117547465501943
4001.438096130344 2.4026932443749236 1.9870488483937878
4004.490678512691 3.4716399105722737 1.97167629185156
4007.5444822841773 1.5796218183181387 2.083317551730717
4010.599763831319 2.516972379782378 2.060280894300813
4013.6563317234327 2.968977956791327 2.013911362743593
4016.7143119666675 3.885517263822927 1.9379205242600475
4021.3166836820105 2.210035216634712 4.134522356487669
4025.896413390197 2.576185905390226 2.091317298583649
4028.9598319267066 1.6775335707930068 2.2305920616727195
4032.0250900826722 1.4558977493880483 2.1901378779195673
4035.090708744844 2.30846823400481 2.2073748007918197
4038.158150096123 2.655587613100214 2.208255800955864
4042.775387520733 2.811182390811127 4.51679871108771
4047.3687327423004 1.0312974558760348 2.384355564821154
4050.4415936926193 1.5825916818847523 2.3880694592072493
4053.515765721859 2.301640335836635 2.37366817503157
4056.5912569922207 1.9604927336702522 2.464713020818515
4059.668188274458 1.236460048491906 2.5267062234752866
4062.746311491426 1.2016203204914522 2.6035192590616454
4067.380374109557 1.722026069544539 5.1350743468646325
4071.988960785882 1.3115751571229142 2.6303768182961575
4075.0724454637034 1.5471456460655626 2.6294332962462517
4078.1572887050133 2.545896208112633 2.518311143645177
4081.2433891592686 2.385222312325078 2.496929949519049
4084.33088833097 3.1198208679832646 2.4749350115366022
4087.419655030854 2.7562861201166844 2.463647699004933
4090.5097417239244 2.170244293982983 2.4538084563445683
4095.162922696256 3.7225289256000624 5.011596583255493
4099.787797770085 3.0094891732714513 2.7066366216194866
4102.883193950141 3.743565192881841 2.689164556749828
4105.979728806826 2.9912437887057566 2.7518236712961497
4109.07766035862 3.1963308510141855 2.74511425471926
4112.176775840982 2.1930168575954734 2.85709940070611
4115.277110859954 1.7321234120064763 2.6779964118917405
4119.947088155514 3.26448587897245 5.418421092271702
4124.586636071882 2.5498623374826845 2.7984819242752774
4127.692273270811 3.4672630416572874 2.7460744927459726
4130.7991978156815 4.881941819802602 2.6083919125628277
4133.907458254258 2.413139496606306 2.8072603815453308
4137.016905516517 3.953408377269512 2.7451948846032828
4140.127653269885 4.487873490992298 2.7172342347568117
4144.8131102662655 3.9270805118509213 5.585419526207021
4149.467585586566 3.480471366005204 2.936007134494185
4152.583421967101 3.479082185603111 2.8311180773263835
4155.700589958663 5.651537784882054 2.635356744088127
4158.818907778293 3.8650042613432207 2.8363645196146448
4161.93849941944 4.801681192200074 2.7244769596966356
4165.059478230626 4.77085572501027 2.6896718858621305
4168.181599237308 5.764182424829748 2.6952719127308398
4172.8837032171705 5.064477131151096 5.579128058549451
4177.555515415272 5.62865018907493 2.818600644867286
4180.682786572065 4.036916510099256 3.074480296064312
4183.811171353652 4.9172221380570065 3.0622366891711414
4186.940446409789 4.978968648101034 3.064222550843771
4190.071562578554 5.011981566688265 3.081371935715819
4193.20378682888 4.015829871941538 3.1874634276918354
4196.337095941963 4.887277735093291 3.2624985704812137
4201.054461774603 5.877004692740356 6.3731161438129575
4205.744583540717 5.595154060333287 3.2051918017844208
4208.8828250454 4.704592552911747 3.25854579972667
4212.022362619967 5.6541833787612275 3.1947490218956336
4215.163064969331 4.890570007006784 3.286734840620899
4218.304954080756 4.9356525173914365 3.258479834595942
4221.448168065583 5.46550976295387 3.295040598860385
4224.592608129545 6.289153494709328 3.267711412520241
4227.73821969578 6.179199320965349 3.269360825826317
4232.471158219927 6.568657705851113 6.69637650503963
4237.182220086849 6.84489268077476 3.2354313948800417
4240.332638276428 7.330647921790327 3.137915019171816
4243.484213447214 6.210493865924073 3.2973272335864166
4246.637071009108 6.067007853992385 3.3456538246165435
4249.791063089345 7.458198446105489 3.2704534461184567
4252.946340550083 8.35370315370133 3.1824630758071533
4256.102680747119 6.807477514849292 3.340225074190784
4260.849470819018 7.625504216658743 6.4855382700664626
4265.5791424586505 7.4077063777867345 3.305786159168221
4268.740312201763 8.031159264369494 3.257535672606607
4271.902686386109 8.568390428624753 3.269792897628585
4275.066171266622 7.303188077362985 3.379980835261497
4278.230871879351 7.284854193354726 3.522233001221679
4281.396750161822 7.265631053963028 3.5361283288219054
4284.563005084023 6.106749543829004 3.5083750522281627
4287.732241718021 6.308105851405025 3.691022862663526
4292.49404256417 7.395017334501212 7.385305172595919
4297.244042775663 7.311515888134179 3.8806219715329093
4300.416840791316 6.112763167995366 4.219235529921058
4303.591367325414 6.993970933082593 4.180545777232309
4306.766193934911 6.305155604429877 4.443360647318787
4309.942596372065 5.327545589901335 4.575536241937837
4313.120222359415 5.8621498179549185 4.1248098428120334
4316.2989256857245 6.816228313784367 3.8810830088095285
4319.478814944331 7.142236983688455 3.681397405593764
4323.825435571536 6.001396058201715 6.006655911299336
4328.080537897371 6.118670907052403 5.528358835532643
4332.209761286174 6.1168778756504345 3.9729503078290445
4335.3953259884365 6.325921744771668 3.9781943830145106
4338.582047133626 5.1273509301993245 4.287372114991077
4341.769927501913 6.1134219746373075 4.13402896127912
4344.958880240959 5.4677979181578795 4.061430941726324
4348.149621324712 5.055093515098051 4.3643817283564035
4351.340197083858 5.908262658202074 4.25453871683418
4354.53285158234 6.0610456292239085 4.023345731686859
4359.327277773704 5.927327100458019 8.109467502730503
4364.116891558537 6.529108862037363 3.8774810439724043
4367.313500020968 6.69559960624107 3.9832510030775623
4370.5118408226335 7.6476837478140265 3.8153774763296124
4373.710547887977 5.320173451831487 4.330165697414961
4376.911207345618 6.853663920026042 4.065418888830221
4380.112649765294 5.9032371524872875 4.223990861687996
4383.315104318741 5.946413588663718 4.290325622285852
4386.518757169323 5.965078431710826 4.329628402451627
4389.723493291555 6.782832340216709 4.221776489536672
4394.535318573662 6.87408908901092 8.464451738112245
4399.344228776312 6.1630355034216455 4.287485989906292
4402.553315812422 5.937160841448514 4.292775436628818
4405.763512244939 6.627545456451087 4.176260092952592
4408.974863986898 7.3462836179026185 4.124990319040296
4412.187224783511 6.229749864426486 4.395022180585687
4415.400732396454 6.508652957953213 4.083897919546462
4418.615275793659 6.607064691880078 4.14776660879942
4421.83101658796 6.600807981923001 4.194957121657326
4425.047690205597 6.09029936722355 4.173535084331601
4428.265635341253 6.575465353431041 4.240689449637353
4433.097013461128 6.636059542286693 8.355945193834518
4437.925557521615 6.444389486313711 4.294636127885544
4441.147737097634 5.474163597269624 4.476027109580069
4444.371011566213 6.771570050488663 4.199189288827506
4447.595274346537 7.184060445484611 4.2186491444433045
4450.820706427071 7.209429470267484 4.397951964375042
4454.0471317765105 7.6345980223202785 4.2975141835200334
4457.27467621224 7.728221209180276 4.301414172454838
4460.503198407459 7.500583170789172 4.535077158271687
4463.732731418803 7.166930834652908 4.491142974466512
4466.963457030917 7.411400298642166 4.430648045142662
4471.814253953045 7.3781261555749476 8.9281528025711
4476.661766503731 7.806671735550365 4.400999770233062
4479.896764038404 8.147992242430046 4.359518496983354
4483.13269717422 6.919248389233642 4.533826255771839
4486.369704381436 8.580604061802035 4.343493316463838
4489.607786269811 8.440198999527613 4.352499257386161
4492.8467396633805 8.067830509321979 4.398373920591948
4496.086722406317 7.829276633449364 4.539853740753677
4499.327850174857 7.585789266658409 4.464091328976066
4502.570508103776 7.100827461128138 4.626730989865509
4505.813550799055 8.069646727541295 4.39210865991819
4510.683386584792 8.244989434758727 8.574579975080873
4515.549386766155 7.121776682681963 4.570367270444888
4518.796825806298 8.353149216826 4.388016973375136
4522.045198904949 8.304410101961073 4.489095463399091
4525.294528828059 7.007461416284576 4.793801124506324
4528.545059525145 7.638869273269847 4.721325708328693
4531.796450253169 7.906312433097241 4.776037381848711
4535.048960918257 8.505889708288962 4.595043235379889
4538.302488114197 8.065379852265911 4.685909869939044
4541.5569254684815 7.139986289772113 4.875624176789154
4544.812432782443 6.853325218355098 4.89174417351029
4548.068997785082 7.288896985570177 4.838440494893348
4551.326488842761 7.692237125431982 4.876452410084967
4556.217905039227 6.864664040074513 9.907544603024625
4561.105142614824 7.22235518708166 4.855644489613321
4564.366771864675 7.257374456266231 4.897086868495079
4567.629294743525 7.396423258417038 4.879558650411301
4570.892805354455 6.933237178512992 5.0178842998063775
4574.157269174582 6.71161761566023 5.043354732567809
4577.422809602112 7.631569889963374 4.816246057392081
4580.689452013545 8.817537085194148 4.796998446127797
4583.9568919207395 6.983315570939842 5.16877015275723
4587.225360051152 5.515007657610071 5.524355099218996
4590.494918305269 7.003409447469267 5.267049666046208
4593.765281657412 5.743124990594782 5.485517056072952
4598.676234160967 6.9681015636678945 10.773706478977365
4603.582642629329 6.390393095517155 5.395403395332005
4606.857022321355 6.215597901205424 5.3902672446230575
4610.132403740295 5.306526163528544 5.629387241664621
4613.408608751763 6.654905555313946 5.470026559923726
4616.686046079027 5.890807864482437 5.5851118998371385
4619.964393256678 5.798325954133559 5.573903373931152
4623.243629630148 5.730359812306025 5.7729266634522105
4626.523779388873 5.106139390379185 5.747463968557433
4629.804959515752 6.5439909764277315 5.399899150758292
4633.087081038587 6.027679815849347 5.639732127184229
4636.37023213244 5.417772741187026 5.830736197306449
4639.654285053372 6.716585003617327 5.628932092184184
4642.939280101093 5.926245415687028 5.756410943207374
4647.871699293967 6.053648248975351 11.74852277727983
4652.800014602695 5.9347518445776695 5.8864270443940505
4656.088888060672 6.449703022799271 5.738300145504516
4659.379130506671 4.824381499211358 6.040942110214297
4662.669331651266 5.68871428978764 5.938474275934696
4665.96096385524 5.630099267924883 5.983292508571593
4669.253515593218 4.672027886326724 6.272413596769375
4672.547047140948 5.480142206910133 6.211063501291728
4675.84155954738 5.251742057129549 6.189255736999409
4679.137004645667 4.839432554734388 6.385637533587381
4682.433291312077 4.436035536087419 6.468107586381007
4685.73058613247 5.254521596205255 6.256521144146865
4689.028783430097 4.403800963293913 6.6516218316304005
4692.327930252243 4.351335375411365 6.6599984652739375
4695.627967891966 3.966311060840276 6.752948855780208
4700.5823215863065 3.608135993624411 13.87200404576701
4705.53371353883 5.189931858912229 6.510095015674517
4708.837471401829 5.420653885133986 6.523516618540526
4712.142184523069 4.419934188854124 6.781200821140739
4715.447716724181 4.229026104364031 6.863833817903454
4718.7542536144465 4.125390092180295 6.8912131499641935
4722.061575626878 4.347947490951656 6.922195436406109
4725.369892110132 5.0041045691147845 6.590951156271577
4728.679174797417 4.79934676309471 6.786231681466091
4731.989374679273 4.765910597060862 6.779764899642312
4735.300367103542 3.8946467505716074 7.180629164903245
4738.612327780586 4.571615605350791 7.069106171454741
4741.925201969236 4.280259490885243 7.105655172715642
4745.238919254187 4.095144523123977 6.943269104996154
4748.553501047291 4.053178554880073 7.032751273834728
4751.869127957415 3.603928934398153 7.27822088706054
4756.845486641767 4.37114730080617 14.32541142418398
4761.821076334787 3.9209525005257317 7.434177556691852
4765.140256508233 4.425358035589663 7.412154251594375
4768.460256533153 4.577673166852529 7.271406980424231
4771.781143448194 5.441379877651601 6.9078371988598555
4775.1029374597265 4.457293679389461 7.237290283228976
4778.425505938791 4.073187957122257 7.275746343902432
4781.749039728917 4.4358088200790595 7.1568028886919155
4785.073466270194 4.9918982782015044 7.18457753409814
4788.3988591466 5.079035086918031 7.119190710079515
4791.725015013 5.381642837699258 7.129056129153774
4795.052012109662 4.216294763419808 7.422002753661467
4798.379869692442 4.433677277057972 7.361356894235595
4801.708755399281 5.559021488275534 7.11102998135272
4805.038365470042 5.640895730760739 7.082781490263891
4808.369218478908 5.211583921784087 7.27143265173628
4811.700229669354 5.397692870421003 7.131603540846614
4816.699116917804 4.752012667100668 15.055494447593299
4821.699633157034 5.647868840435316 7.11236407147662
4825.034117126675 5.302201331817469 7.028366997992966
4828.370156538345 5.9891346506903576 7.164414050969944
4831.706784072592 6.021958904476523 7.0615869677709915
4835.04478796226 6.439289036056669 7.095256763814419
4838.382346853359 5.694420488690756 7.417510154774866
4841.721386169291 5.083204907953518 7.5626754492473145
4845.061437751347 5.046035947841096 7.543956082831285
4848.40251410643 5.9646610926088055 7.496531825639262
4851.743807339747 4.801855411572441 8.03563900894109
4855.086465939521 5.018407650160563 8.174519258055108
4858.429582143108 5.843671826664198 8.323327134780524
4861.773789658598 5.324955762168558 8.370154631829822
4865.1187865218235 5.476926154875036 8.530161366984006
4868.464557787871 5.085115857059652 8.502684551943316
4871.811286796216 5.550928150511536 8.169277530917178
4875.158869877754 5.876752183968145 8.036678176409595
4878.507161696312 6.09351784235264 7.811890439931608
4883.530196462311 5.849279117867523 15.87313945013979
4888.557175137636 6.370593950180147 7.784554595190904
4891.908781098297 5.926449261960326 7.886650633056545
4895.261219614262 6.71020838173598 7.671711519743378
4898.614523435822 5.998155923689423 7.83696987460248
4901.968908111594 6.81454925469554 7.621062319065318
4905.323540470335 6.707289224052109 7.703907551610309
4908.679366797692 6.652777472623317 7.644241298100883
4912.03581812354 6.811222302884379 7.774213817400105
4915.393209185762 7.456524392534652 7.740764860914557
4918.751431964714 7.0242729674022675 7.869217882406465
4922.110410691177 7.553974313437203 7.663283088572016
4925.470223205164 6.702537636578143 7.960454581106716
4928.830784607769 7.202815278100578 7.703313710754063
4932.19180349512 7.3630686140679265 7.792200898575564
4935.554419921478 7.752232139646954 7.687730116528146
4938.917548320267 7.497469304447777 7.6014960918604295
4942.281290152434 6.5947024572406505 8.070236788713231
4945.645932354982 7.569137217483705 7.620869625004374
4949.011404606873 7.635737771779554 7.560977744269321
4952.377378183128 7.116467810527929 7.919583707830769
4957.42751427962 7.702383949697868 15.355175791041463
4962.481026731242 7.023876672143302 8.001232276156305
4965.8503466063985 7.679736611660584 7.7651208915933285
4969.220516005849 6.468060266593583 8.11372482429861
4972.5913944587255 7.659255947121233 7.851411897315997
4975.963142249704 6.877851349561238 8.015061156667194
4979.335704274803 5.772244851931717 8.58394310799612
4982.70905300454 6.457560897759477 8.50503490793222
4986.083046473998 6.759565575349784 8.412203629718702
4989.457899558632 6.704678911947765 8.356592694977323
4992.833543009481 6.4047879663423775 8.470863132414937
4996.209968586765 6.9270963163181065 8.325122492285972
4999.587083148434 6.438596292144723 8.4315842684407
5002.9648741547335 6.4021879858319855 8.620759646408324
5006.343654770413 6.560926255763679 8.696534797782615
5009.723260699283 6.383898368550814 8.805245137928763
5013.103453291066 5.556912946677593 9.25201274350972
5016.484544481073 6.403268252880116 8.873588255943563
5019.866315605167 6.036119331375597 9.138758491426271
5023.248787008847 5.783417684753296 9.14445482211391
5026.6322079728225 6.700233203179225 8.783169809400661
5030.016242359081 6.33278982574078 8.816144484319027
5033.401056718587 5.802130422049612 9.182021271330184
5038.479979014849 5.728425770176682 18.163024242008166
5043.559962798898 5.823640635745343 9.368425496244237
5046.947765372543 5.986949214021412 9.310294586585828
5050.336654474342 5.798636038770355 9.419557253840452
5053.7258092263155 5.674795976295356 9.301093421743753
5057.115785845009 5.985537829251057 9.251518771130081
5060.5066844490175 5.461708290984355 9.38973139026902
5063.898218375827 5.435671803129597 9.497325438899406
5067.2908830236665 5.635552303139882 9.53031374023207
5070.6835271047485 4.718101018610114 9.918869857138874
5074.077369532397 5.211121395912025 9.86622368927102
5077.471823957016 4.534799676122042 10.19462152994329
5080.86721683749 4.652840040709077 10.388173482273654
5084.263098207794 5.35935939931353 9.858122731877625
5087.65936619708 5.574635482694926 9.88123072108641
5091.057347377727 5.469760398392553 9.70378866968372
5094.455497738889 5.349729129859963 9.838415613148673
5097.854393710118 4.956916888956729 10.121504286005868
5101.254003289623 4.84089536061169 10.261600551651846
5104.6543751055515 4.698336169744554 10.512718470204128
5108.055552956722 5.652023244801711 9.996694320845906
5111.457252867503 4.796217006006494 10.275803748835994
5114.859883745992 4.900963980394342 10.401035335612159
5118.263091408615 4.233018427772828 10.604037400521749
5121.667054479175 4.772607601000785 10.593315230643244
5125.071674290726 4.309419549623602 10.646082797927196
5128.477194990774 5.070234409790916 10.49238401690606
5131.883198356756 4.390909521197139 10.986282692969649
5136.994800000502 4.729159788841769 21.409281166609833
5142.105792057332 4.079805089284143 11.160518042868313
5145.514752450639 4.363569196982272 10.86877211623984
5148.924356575742 4.520139084106397 11.004690938550683
5152.334839238011 4.9375908120673415 10.702090971673845
5155.745896345822 5.060600235839122 10.788774067619551
5159.157666081118 5.046413811064182 10.789971163918697
5162.570073575196 4.431551477499334 11.624174607060548
5165.983194448375 4.114142699056012 11.898270726556643
5169.397030442336 4.367844830060824 12.166839830317251
5172.811699905456 4.438193325818895 12.049880057411265
5176.226928598648 4.239931084836471 12.477269415764995
5179.642887137521 4.193955112212354 11.333762807229796
5183.059511171664 4.37926944014064 11.847033226642605
5186.476861044412 3.901405727438138 12.31201773755989
5189.894889442215 4.286362781843053 11.987145335637283
5193.313524534429 4.0880272495874745 11.393036462207128
5196.732836430747 4.193023763371227 10.919387183556738
5200.15291195991 4.0434593977744155 11.12121207777151
5203.573281304895 3.585853038775197 11.325290855500246
5206.9951091148505 4.273624798546177 11.168065504527197
5210.417229688954 4.303022453339273 11.60801517091552
5213.840031930966 4.314288818472588 11.767052944837163
5217.26352067321 3.780694085197748 11.97035166719107
5220.687606928698 3.6677399555798114 12.087981739957065
5224.11245708135 4.41076407638013 11.782858043817997
5227.537928319955 4.638962898973555 11.75142596209442
5230.964092171782 4.5674458185781965 11.906149324814475
5234.390921028954 4.463256808246558 11.825546198652939
5237.818369988108 4.029021586553589 12.05473927498411
5241.246518774295 4.12519050482484 11.847331872872415
5244.675350573833 4.062982059067215 12.040243915958499
5248.104322946881 3.3939469007862613 12.52937272220718
5251.5349803750405 3.7753440775137523 12.339191282471972
5254.965833174017 3.7575658506057192 12.520448035089805
5260.113231558228 3.74472470608324 25.454193666627116
5265.262256563191 4.109671890115243 12.935154116096719
5268.6956253557355 3.420943386949183 13.513905090454008
5272.129650942537 3.439917507710187 13.402263175826022
5275.564509251181 4.251498772934888 13.030418401870257
5278.999884544286 3.5073415030647244 13.096865072979535
5282.4359741828275 3.297159849096666 13.231986824003245
5285.872618410704 3.6796281632977967 12.907839815233292
5289.309998054575 3.401916066976403 13.001513783001437
5292.747962811796 3.4067782520067 13.025721018470604
5296.186576137625 3.371731694065037 13.205873425915025
5299.625934775126 3.2465981304729685 13.20191066022823
5303.065875824794 4.058983684313607 12.723197930406759
5306.506348403016 2.9706941680645653 13.30940713830567
5309.947518541572 3.5852385009578365 13.0135547371279
5313.389388841139 3.265823742679609 13.058009545456564
5316.831909350498 2.9511795374309098 13.279201716682572
5320.275374288772 3.6378411733984692 13.314861096592201
5323.7187282842315 4.066810483459865 13.158573931444938
5327.163141294487 3.5248847262861753 13.529532780742667
5330.6088537164715 4.088356276543672 12.908649682604608
5334.05383563723 3.6763142361066343 13.372777817247092
5337.50011211498 3.7807587353928245 13.425027585423585
5340.946904511823 4.463271818759944 12.745453839430404
5344.394446514671 3.211163350796747 13.857462384799165
5347.842640682304 4.290693757212244 13.003306667711447
5351.291361295496 3.4164081984067756 13.66255355525509
5354.740764129893 3.114444658774563 13.798126949588154
5358.190795633165 3.385623737572863 13.544047396579982
5361.641389599332 4.10522751505843 13.000302457099945
5365.092626800091 3.6032919657608655 13.569090047711237
5368.544521145719 3.3118410095401445 14.192253808118592
5371.996963484132 3.31642263031352 13.995920637685998
5375.450116555371 3.505772594662662 14.00851460655707
5378.903759501802 3.706333882026359 13.740763959032586
5382.3581224678055 3.5774675557706517 13.783932240751255
5385.812978352685 2.9382421352374095 14.323767118193636
5389.268516088246 3.412406584925748 14.2582069360037
5392.724581726866 3.458626384031022 14.221972481487134
5396.181389015261 3.1161136692406197 15.017712435427423
5399.638509707134 3.505086815013149 14.627243978770426
5403.096698902887 3.3496376126940177 14.8318297149547
5406.554682719641 3.371769820654798 14.610783295232842
5410.0144351190465 3.9749311987961318 14.25649127744101
5413.47416054821 3.622198925516861 14.47325630185678
5416.934534736225 2.9082900071979076 14.942708846931165
5420.395354970538 3.4595385226891837 14.90370156505197
5423.857056506018 3.873611741017257 14.193924990078846
5429.049766414592 3.8701788472435252 28.66529254977841
5434.245267008922 3.3547381854340266 14.917311785293105
5437.709062460566 3.727877040207796 14.462423256059406
5441.173572411009 2.955881589348203 15.18566882864134
5444.638700858143 3.7219091940707005 14.450529251196553
5448.104351696865 3.326467896569468 15.109282108122445
5451.5706729497 3.7585121653227684 14.696757293030469
5455.037483734145 3.6802121964253107 14.797737576526051
5458.504887665605 3.7191215506877313 14.630360193173953
5461.972956194431 3.999542328694054 14.449065350398802
5465.441498104319 4.0524680271990885 14.41792121970171
5468.910697342411 4.230948091837066 14.378900044444
5472.380409176347 4.258380748794159 14.332529105548963
5475.850771280381 3.5908871205540214 14.84357777440156
5479.321662876884 3.359678905497616 15.503353864992045
5482.793125450854 3.8214043638900295 14.947674383185243
5486.2651392709095 3.7950533809706846 14.849804210587902
5489.737753098262 4.063927943739034 14.679084410010287
5493.210983479898 3.808843056312333 14.879398169655001
5496.684674649847 4.281176196036488 14.42505643819119
5500.15910834378 4.055954509778258 14.779074329619972
5503.633968037742 3.794298363443092 14.986216988515716
5507.109414817034 4.294244732335306 14.727057392986033
5510.585490543435 4.565999434109155 14.361559928056767
5514.062047667451 4.109742915561322 15.005493403474807
5517.539235733896 3.9411447048529538 14.998023254247228
5521.016624727826 3.847485973839675 15.137792771648252
5524.4951395773915 4.566924770219494 14.368142782467197
5527.973985873144 3.9371342870065833 15.279777256119115
5531.453318696898 3.8224693706816644 15.149302220150426
5534.933277993194 4.341654529260761 14.655916013316135
5538.413789156967 3.86492637323144 15.214501861402017
5541.8946519275105 4.358745356587307 14.489457349610397
5545.376406132921 4.483859742659618 14.697644771296376
5548.858540468701 4.823111350994916 14.291821230390536
5552.341324261784 4.683500403809948 14.229949613769893
5555.824575063114 4.555036455560452 14.43372978679303
5559.308339489353 4.8803067321315154 14.241702393784061
5562.792636910218 4.261283313303685 14.761369977789018
5566.27845923922 5.051263268532625 12.117095907032551
5569.7629670248625 4.799579885344154 7.997165166280959
5573.248883334424 5.369750117764246 5.455746641378165
5576.735423503383 5.026039435802781 4.787382807091976
5580.222406708144 4.782685280095116 4.881410458366027
5583.710081595639 4.637072678862627 5.526151693102816
5587.198263697475 4.759239357653708 8.23970114012609
5590.686939707732 4.581869603224225 14.103668232931001
5594.176147179853 4.855371915052041 15.057214101584947
5597.665678948741 4.703569259677073 15.038165026116397
5601.15608166885 4.875289929177295 14.846833432324322
5604.646929359069 4.4285285278709186 15.237758948962021
5608.138391336986 4.735001362431645 15.04653122853445
5611.630141955679 4.970656601129291 14.76114411524524
5615.122989060167 5.1246796547581255 14.772882347749013
5618.615435543275 4.593779286041884 15.086244317555709
5622.108959891043 4.7491105209637245 15.22113196012843
5625.602948355895 4.96140399320081 15.023717958073506
5629.097372248176 4.81021579510416 15.149853324285534
5632.592445648597 4.726476184406916 15.34007100890263
5636.088043350197 5.166410171949234 14.963515882867439
5639.5840814521025 4.894315113910256 15.132644189722376
5643.080643346735 4.598028865740376 15.694617711065732
5646.57770721626 4.53938639431641 15.116273390901952
5650.075398660811 5.027005283892388 15.055490556454128
5653.573523538404 4.783266417326957 14.942498294010813
5657.071627181503 4.486291654211965 15.867383286728016
5660.571339343573 4.947786917116158 15.475984347781013
5664.071051715362 4.915661179613427 15.407537353900441
5667.570872252829 5.200002582843863 15.248960108809142
5671.071954568586 4.830891861379394 15.432759577915126
5674.573127962023 4.0528154781679655 16.306541915399215
5678.074839097199 4.535903910814087 15.837760942991174
5681.577070313381 4.314686415668749 16.16935392582632
5685.079825928493 4.129624582885267 16.295835045488204
5688.583066104832 4.123069274729941 16.42822501854701
5692.086804109823 4.540404849593806 15.7954784602684
5695.591115032433 4.444837725117015 16.185976287993377
5699.095754255107 3.8432094270895503 16.62430578067568
5702.601025452656 4.262554910737745 16.240156171675814
5706.10676359647 4.3403121695695654 16.617505920913263
5709.613286074299 3.8013383129560174 17.46471782860495
5713.119793886739 3.950172504682684 17.114646684146866
5716.626751042771 3.9480808424636185 17.101788664638686
5720.134743372504 4.0567259497494765 16.606478672205927
5723.643034425019 3.7006213526066953 17.014379763820585
5727.1524894986605 3.450057833208328 17.519653575337685
5730.660928555738 4.35641058332274 16.289793267949786
5734.1706411943105 3.6181155862409433 17.33167562932796
5737.6808612907935 3.746226120739481 17.29419452808846
5741.191441056613 3.4697505982438424 17.801571383794126
5744.70281751603 3.2283817731995677 17.970331944670377
5748.214399640476 4.088737939209035 16.94132129894151
5751.726574290867 3.7488914574693246 17.478564526145803
5755.239229261089 3.241338921450961 18.393377572204223
5758.752303213378 3.5935802110171524 17.70646127011412
5762.265899885315 3.773967914324582 17.677796970938356
5765.780042849904 4.090911213508851 17.075262485288604
5769.2946344460515 3.7606148149452356 17.550759606393086
5772.809544678259 3.462689828813186 18.30814622274381
5776.325129590136 3.1186742851055 18.584011438727114
5779.841541008514 2.9036054966403015 19.26939117850112
5783.357672482838 3.6470304703632177 17.918802109543257
5786.874652656264 3.919131028121099 17.906499916917397
5790.392073083224 3.1121253103336497 18.75341332197949
5793.9099370581935 3.562063362425986 18.22941339118014
5797.428345971456 3.821127114894068 17.759848673598995
5800.947272097556 3.863781944298218 17.58228632562199
5804.4666131509275 3.363276833201522 18.200640343417867
5807.986371474033 3.9805539724582673 17.546357151239
5811.5066349925655 3.2450553988371804 18.546075921352795
5815.027238398582 3.4436303236627075 18.077480527036517
5818.549123041879 4.449161932394531 16.3120319272121
5822.070143676322 3.3018039326862754 18.48644437753587
5825.592186350605 3.486293378576066 18.056659051171664
5829.114601589487 2.941886478529307 18.207322453787157
5832.637884238857 4.143099440498634 17.118712012694424
5836.161371320782 3.6558496173275223 17.8667976312175
5839.685369268033 3.334368420759791 18.428754944414916
5843.209801561121 3.3499134827243147 18.41739662319039
5846.734737922914 3.599725640687491 18.022068563618745
5850.260131945344 3.492618351924359 18.11951469655047
5853.78584900433 3.0923392962122946 19.06031671529817
5857.312134179151 3.4889014656356334 18.58473774761729
5860.838810211918 3.2949844513922066 18.557968244711116
5864.366049298358 3.7252726050281053 17.81381343706945
5867.89363297146 3.6295406475844505 17.716855718657612
5871.421692912829 3.5974569059230785 17.848954740867555
5874.950196778682 3.4109031446947764 18.03839015573999
5878.479260724051 3.896900025898065 17.799195147338732
5882.008624175627 3.513218471733756 17.598023645474306
5885.538504589279 3.711706429641592 16.708441073178207
5889.068878427614 3.6075266870017857 16.59943828181286
5892.599594349934 3.154072259978063 16.68316961238354
5896.130765191823 3.267807548556556 16.64149512557216
5899.662490964603 3.26514138395934 17.37399369752083
5903.194552445467 3.3873151111548996 18.120280362096153
5906.727073225816 3.586179997729498 18.220037109062137
5910.260047907551 3.2834304364617157 18.675150649327687
5913.7934997185275 3.3387856819855433 18.577428218255264
5917.327119549136 2.842924180007043 18.754724548548232
5920.861665880203 3.1335074388858537 19.005692211423884
5924.396356306154 3.135693694497218 19.05893562443858
5927.931570028624 3.382731217275117 18.457617173064648
5931.467195122929 3.5332979446826753 18.48298247252501
5935.003197446605 2.961766393322773 19.15270441537239
5938.539743604623 3.216240568348703 19.053887885334486
5942.076625107144 3.267335787480067 19.120722132288826
5945.61394680322 3.5412529034318077 18.793110108771366
5949.151686608166 2.820194427018064 19.74984372614997
5952.689934699477 3.282558106618065 19.157149707983177
5956.228577505247 2.8872094898964935 19.895362022346028
5959.767672599538 3.0896321294039804 19.447613972271355
5963.3071377716 3.2910682701035197 19.449837017172968
5966.847065782144 3.2930367887810195 19.68383100338366
5970.3874277112 3.1508910477975967 19.650490225856117
5973.928119282385 2.9808877087488646 19.927052671490944
5977.46936289843 3.457637344191227 19.384543601700937
5981.011223551225 3.1624019014686 19.80606383308108
5984.5530043975195 3.4752152582281592 19.24560892314225
5988.095429003456 2.96716789080444 20.42656480107618
5991.638431145215 3.269071677715463 20.147269347176508
5995.181614294836 3.2816144232272735 20.100652958807945
5998.725332618828 3.114714351900427 20.089879608077933
6002.269499591971 2.8752787294527153 20.51932017401115
6005.813492328399 3.4342395317832124 20.068696395023427
6009.359091371431 3.3563188827716894 20.029303150485777
6012.9045190713105 3.722367211841849 19.59627493617104
6016.449741501065 3.7273224798662583 19.657897412167262
6019.996455672394 4.057434595320154 19.52385169673309
6023.543106225255 3.742432596568655 19.821349748893585
6027.090113101229 3.97435249529907 19.147077491768442
6030.636817242626 3.8705020434013155 19.381440261791596
6034.1853686509885 3.825840593555877 19.19721098891392
6037.733666231463 3.750592790556766 19.334771308000235
6041.282352362399 4.02226764751478 19.039543938194594
6044.831440462578 3.690412597347261 19.27638181013811
6048.380965192842 3.7524119566605005 19.440981595870127
6051.9308803164995 3.928452097018943 19.291272963498
6055.481122850259 4.004907940078978 19.36867682082136
6059.031797383489 4.107012952925457 18.83200563923399
6062.582907863934 4.152960637085131 19.189945903871827
6066.13480462434 4.124982661157398 19.232803485264075
6069.686374219245 4.453634521378441 18.910074558628576
6073.238603590474 3.9590231605498802 19.490180122120417
6076.7918014682 4.280162418412773 19.125597462969214
6080.344492690255 4.151078693772789 19.340259212249734
6083.898011771663 4.394024594242919 19.276797379309734
6087.451918380845 4.283383729855251 19.59997184529401
6091.006284721727 4.46520804048804 19.196287486494207
6094.56063272646 4.437205308968836 19.536476619048834
6098.116029801793 3.761876272961742 20.4667149237323
6101.671465194513 4.249209712519061 19.5226411351385
6105.227427377525 3.8817887466492023 19.820054797118864
6108.78366598661 4.211891773171252 19.532992391751563
6112.340333547124 4.36970662399504 18.96629318887217
6115.8973850298935 4.233246503235355 19.37137784254389
6119.454846658587 4.511075856125969 19.06173125546495
6123.012643325795 4.1779832021034755 19.581179104589953
6126.570898177236 4.313673283649477 19.4646290601594
6130.129496926683 4.323068257503299 19.294110149262785
6133.688515313973 4.271642251206978 19.474625453011587
6137.247895851218 4.397479651825036 19.17679893722629
6140.807668395407 4.789132171841714 18.61646498258596
6144.367767517797 4.52389054874228 19.120937501103512
6147.928365291317 4.774643426970826 18.716998382194262
6151.489202641226 4.812754486585788 18.94516865682229
6155.050253269819 4.689894941264778 18.789766708984
6158.61226431343 4.5163320262132665 19.432759629259184
6162.174386345909 4.429198125595168 19.651683448703857
6165.7366450323325 4.3252282378716025 19.722006261235663
6169.299651693874 4.75625978118153 18.899924576523965
6172.862764538818 4.309935157134221 19.554337074881374
6176.426464668158 4.255326668356105 19.416077182285214
6179.990426007845 4.405970400024465 19.45243263523536
6183.554722184414 4.412591268596269 19.753820011997284
6187.119075507008 4.787504373109323 19.41333733455353
6190.684551785278 4.3275732525603505 19.83596388072062
6194.249954566714 4.188173348127858 20.100309450382245
6197.81586424583 4.677483851602744 19.171722534503814
6201.381998897438 4.278444476577282 19.692375966888385
6204.947537039255 4.3134368039040805 10.496679611735468
6204.949836505615 4.506520022490256 9.133418763855998
6208.5155578447075 4.051749335559887 20.237619418325473
6212.082941153628 4.107254129220599 20.12651940392762
6215.650544080047 3.4736636853603438 20.929123493685115
6219.218647136763 4.0427381333157095 20.295457131799317
6222.787098118305 4.223806647439808 20.322738786144857
6226.355922405399 4.006439005701369 20.4381137578428
6229.924349329242 3.52454874209379 20.49138240781767
6233.494526134152 3.7076809573190284 20.218770070094287
6237.064471869985 3.923179504780011 19.761195277263898
6240.634291987644 3.3984735744236034 21.03255406219799
6244.205298989769 3.534509129001362 20.93623469595837
6247.7763084553735 3.945174231494983 20.516417216499693
6251.3476505854105 4.110826779081126 20.17044791880252
6254.919338583232 3.584792258181257 20.70391459436828
6258.491389887147 3.910501201747955 20.001507343837467
6262.063877167593 3.4536435331223925 20.690113872314992
6265.635926431786 3.8085026509321724 20.241807128289
6269.209814622748 4.092764791614716 19.883952606798232
6272.783264902617 3.845062241821132 20.851268550070415
6276.358138543537 3.663374794041716 20.486234066499158
6279.931443282633 3.801895818399274 20.05811689070877
6283.505941310626 3.9141584989055427 19.7636720345796
6287.080920320549 3.7820640839420356 19.429294886101847
6290.656158208504 3.729800736005133 14.916128836580564
6294.231774556223 4.007770277023942 8.975497529488589
6297.807724807669 3.718475878374937 6.463199775620668
6301.384316151871 3.4289898610219285 6.359871898117985
6304.960761611142 3.468241662695138 6.4200883713142565
6308.537792847184 3.800501886023742 8.030446712655007
6312.1153874705 4.589372135718534 13.2521914523898
6315.693068471726 3.2522363720262493 21.69776843266678
6319.270468108896 3.592781893000659 22.165555328273015
6322.848798966122 3.8416007016704734 21.63554423116402
6326.427559544053 3.859942485321427 21.27883299181413
6330.007219641319 3.325285870090692 22.150770343859076
6333.5866602912565 4.080392080790196 21.101517268201253
6337.166557882733 4.018309361313163 21.22623058567877
6340.746643039375 3.986003715373347 21.220173511805292
6344.327573998193 4.1004310102645976 21.039878448036163
6347.908500020745 3.500768508369782 21.731305866226176
6351.490679514711 4.308675573591598 19.260836112334687
6355.071326195663 3.7601422024511706 17.75507408492538
6358.653254050145 3.9977901221602448 14.126524245883001
6362.235507292965 3.8941741190733894 12.336282635471862
6365.81803479413 3.8594348505668674 12.198076606827984
6369.400936866364 3.340470039201593 12.892560400405548
6372.984234534665 3.703382790600455 15.096946757495365
6376.567920132543 3.584101529965124 20.126958739710975
6380.151870849414 3.7046505586706013 21.742584259308618
6383.736183901571 4.0186908972272715 20.823393958994824
6387.320752938199 3.795646798104469 21.329354459944607
6390.905693911363 3.9336759026923707 21.234469879860285
6394.491014848526 3.56443109188528 21.556485691908104
6398.0767057834055 3.686244953989265 21.857160923264356
6401.66269927561 4.4198995101591 21.097341535675532
6405.248874463412 3.532612540030198 22.125553481863065
6408.835551577233 3.9738767145515657 21.56593757211962
6412.422614032356 4.032220231574646 21.373057268394305
6416.009825826268 4.049660781684424 21.698720595978745
6419.597564093706 4.304953358593667 20.855856965822746
6423.185456141 4.241965673530952 20.656626528074316
6426.773825439336 4.31746120063793 20.84465681954908
6430.36238713026 3.929221960247048 21.557302765288544
6433.951621511793 3.9720109942168027 21.49422149742351
6437.540603314833 3.6542104746177957 22.324741517758522
6441.130273751217 3.9672632940612975 21.41423902044808
6444.7202691028915 3.8844684830287948 21.736576449103747
6448.310549608397 4.0345822709357755 21.585668278133685
6451.901111770458 4.064840976620831 21.139580789971763
6455.492278999771 4.049021329579078 21.57404738606055
6459.08317612912 3.8505485798666017 21.47966437925861
6462.674815382009 3.4899970828784306 21.696483058744597
6466.266785758183 3.696666607780209 20.956860093283282
6469.858992190828 3.4431221578940603 21.370492446309328
6473.451413402354 4.091283129258388 20.403424673246906
6477.044369000047 3.6966530621559923 21.368833970842683
6480.637554881491 4.270725777247182 20.53745106884791
6484.23172917622 3.7654236756140214 22.462530781442506
6487.8249493496 3.727113704592922 22.3736399644313
6491.419023376815 3.521173988602162 22.599134024480794
6495.013541317871 3.5669372113448063 21.915918527466385
6498.6083255008425 4.180392372785696 20.684338164281932
6502.203399263273 4.149978623008727 20.627483078399766
6505.798823753576 3.7775718114427477 21.125740812430855
6509.3945025364155 3.576470205323405 21.899747030674103
6512.990606959904 3.4544938458093752 22.572210807848272
6516.587006506971 3.918613576810259 21.885890591479
6520.183714727012 3.906379739849144 22.130044827268684
6523.780724579691 3.5865599130005617 22.49084699527908
6527.378124932334 3.401194231552611 22.014222059039074
6530.975734229407 3.548094838203184 21.996468191160908
6534.573740923081 3.2748665018701026 22.657935326468024
6538.172040097041 3.311763854632249 22.268960838953287
6541.770560748767 3.262917722062032 22.594266645729885
6545.369447519649 2.514804772871663 24.596516743441224
6548.968642409004 2.9680931345708097 23.24716928363307
6552.568203199861 3.3610022798992083 22.382490663128408
6556.168060386157 3.1695849967675156 23.000536943232216
6559.76809735704 3.055160123681589 22.640120133047237
6563.368540154192 2.5770060006622515 24.071888346026963
6566.969472913086 2.4202271530928257 24.618251787001217
6570.570444722146 2.4240837367874666 24.485312760305796
6574.171954810364 2.7532367516034753 23.99438379024518
6577.773606887952 2.244622666601645 25.759099187297334
6581.375479796457 2.4853158121897834 25.09865240355391
6584.977855953634 2.459281429795502 25.95588146955273
6588.580451968635 2.068477587259905 26.603695241612627
6592.183396915056 2.436499287752679 26.487827374967132
6595.786622882745 2.027032030124371 27.173249757253334
6599.390175291587 2.043854086764071 27.362898898657374
6602.994053086711 2.2746560921171453 26.108985228200453
6606.598203893379 2.2698901366670157 26.60973815079053
6610.202585555351 1.6743831307397876 28.34863073768175
6613.807343679465 1.9863867902443657 27.609822372974957
6617.4124377274775 2.352606054206053 27.258145950010825
6621.017712440194 1.8238954768538864 28.53075655509495
6624.623452453398 2.01811760675479 27.669535201716258
6628.22930503164 1.6661703122899927 28.69136586153528
6631.834916283985 1.3338729669713887 29.448913566931502
6635.442256388632 1.9945376962859664 28.181350590956505
6639.048965473693 1.8105338498437995 28.578987172797213
6642.656200376163 1.681867846466107 29.29215432360007
6646.263498754784 1.531000946544807 29.567153884056374
6649.871343835903 1.5599048043363217 28.875107173069704
6653.479739296627 1.7576070800480412 28.88178573217294
6657.087795786224 1.837066461301737 28.453255103799968
6660.696491864161 1.689721406979478 29.241389198349456
6664.305456527266 1.8120946434520686 28.95443175508263
6667.914683794545 1.5390411398102388 29.857724165883926
6671.524258734208 1.4678669740545283 30.32115840890819
6675.13391785219 1.9950288926777735 28.67966241295526
6678.744238385213 1.4572350648095291 30.06585383709034
6682.3546197606 1.4981462786915283 30.102859721970344
6685.965423999866 1.8280994942550326 28.933490001272112
6689.5764362626505 1.5929156802725337 30.045890895076987
6693.18775518156 1.5129754689405 30.055201432092577
6696.799412966308 1.5091177912806457 30.245651632559905
6700.4113161894775 1.8358201213278156 29.076414022879554
6704.023556221871 1.9210118158076335 28.61741571295065
6707.635880595354 1.480621969358411 30.23288332765449
6711.248758050646 1.9226114126112344 28.83021890276447
6714.861834068552 1.7188637290160418 29.65314731017339
6718.475219058352 1.6723223366011146 28.95569390878965
6722.088799975005 2.1408382682447376 28.671095147801157
6725.702946952038 1.7240100211596776 29.641396305904532
6729.317061768275 2.087579478109204 28.686580178719197
6732.931653128724 1.924677022431532 28.80766094105652
6736.54652616712 2.016593374858746 27.938315102404328
6740.161538199855 1.9588528940921748 28.856139311454758
6743.776976857303 1.8299815123004546 29.24356050665497
6747.39240734176 2.1688929210442427 28.17753481356529
6751.008627009935 2.543118492579818 27.400142595036794
6754.624887313308 2.3907439972846882 27.58069974306526
6758.241447522468 2.396740353329633 27.62002750202264
6761.858252366492 2.201447212260399 28.085848892994562
6765.475476157606 2.5702158454684936 27.30599004205639
6769.092782781108 2.139708017094247 28.07801926868269
6772.7105754938275 2.2212092643130714 27.685242169772494
6776.328591958572 2.722512461525095 26.667863874714268
6779.9458347048185 2.252554458857619 26.81400491703977
6783.565431077428 2.796700427678309 26.243398851190044
6787.184095540615 2.60152356360938 26.604284944322853
6790.803395601665 2.795381370910155 26.34091226289196
6794.4227045417065 2.735854834737436 26.36185494067998
6798.042445414323 2.5410311878156886 26.830465775424063
6801.66240854929 2.5604317164059536 26.8478467815403
6805.282729057145 3.1131659243898073 25.3973987090216
6808.903284509897 2.9102067592806056 26.622918638067507
6812.524117888179 3.0367461708927848 25.669660544220907
6816.145137112891 3.207283371392763 25.00522049066307
6819.766621350349 3.2550430686599436 24.537893748451935
6823.388205320451 3.008039714956344 23.663319356293524
6827.010097710799 3.1210745442480246 22.13981636852331
6830.6324504915765 3.0076025263149804 21.617127488154807
6834.25490283087 3.238622372922691 21.195573454680687
6837.877697072522 3.4579519736285325 20.717148803960313
6841.500888311598 3.1337728710422046 22.933524952068396
6845.12406244676 3.0933043911468463 24.28972798629538
6848.747837281128 2.7789974326376403 26.043985928653814
6852.371626126084 2.841952032186827 26.07710388482343
6855.99596243169 3.590726010315544 23.07429733788698
6859.620387747738 3.24721872200671 22.083051113155694
6863.245062342108 3.0693281902341383 21.2552533038432
6866.870144411229 4.01215220028376 16.70928792576123
6870.495287553583 3.0443007505710007 16.196845489519404
6874.120991135134 3.4064941517339813 16.378780747914714
6877.746822980144 3.477066722016891 19.36296366169227
6881.372930073771 3.196029548965913 22.39507004896899
6884.999337570376 3.4278683817335436 21.0886703365563
6888.625261695326 3.246497985760016 21.344566547591377
6892.252834304835 3.313200061574606 20.880209805939998
6895.880242834228 3.5823332709605444 20.224447979456613
6899.5076681361525 3.7409749535939922 20.270632769747177
6903.135431581301 3.6122435971317577 21.420403529123554
6906.763256677162 3.743874611813728 21.396747458114337
6910.390989568774 3.8654425649826374 21.17605591032067
6914.020462270254 4.04692754207488 21.375998548570443
6917.649406991861 3.7851331072079706 21.50112756662431
6921.2791085082945 3.2436891211605112 21.84196087559841
6924.907890253358 4.184097455448705 21.164441644306297
6928.53794374542 3.062040284242638 23.516537582490773
6932.167568258013 3.932889384786656 21.723167101689214
6935.797876741478 3.6970193039592023 22.92785119512031
6939.428405267172 3.588274438322897 22.951330130695478
6943.059188407344 3.6765423602471365 21.922628448814525
6946.690261098293 3.6046239502942585 21.262094553794952
6950.32150275251 3.765093199542683 21.03527785401871
6953.953169416489 3.5188435639365183 22.120761899575818
6957.586012045103 3.2158106569610307 22.543609204414206
6961.217284025498 3.5071160742748773 23.253219407417813
6964.849574852281 3.4263103038773264 23.79263374504834
6968.484856731893 3.6862719254972274 23.33867297822137
6972.11770714862 3.384809250513412 23.429176036732482
6975.7509792289775 3.0922711290279215 24.031211588377086
6979.3819065290345 3.745172012564409 22.661176181480066
6983.016768235201 3.2005006921161865 23.611452950459483
6986.649730137025 3.529939990043052 23.24596939217023
6990.284012141633 3.3479232880733574 24.386326364602507
6993.918685324963 3.6151151823183194 23.915581149500834
6997.553499230711 3.6694178312958674 23.700231984294614
7001.188661096716 4.044830273741798 22.895385354718087
7004.824202864347 3.4169800045667507 24.4626295457211
7008.459640032192 3.4360751351255447 23.87225439870116
7012.09559269858 3.7305051461336554 24.031713414937002
7015.731674539165 3.3580855700170233 24.45142161673303
7019.368320354782 3.3932586705457024 24.858198463583356
7023.00490595101 3.5743584838613116 24.639136420096026
7026.642015686849 3.751229775958339 24.156227491472258
7030.278249605141 3.1831292234829673 24.97875880585232
7033.917036950507 3.111678100747165 26.29300835958109
7037.554567127081 3.562244287049472 24.618472699236122
7041.192578705403 3.8722993823661382 23.738663466870275
7044.830037444471 3.1556742504014954 25.327766972607087
7048.469542836766 3.515711951729706 23.870364384012007
7052.10835278582 3.7340021573909037 23.24572757981202
7055.747500432889 3.0566765548064296 24.963777255580865
7059.386819047001 3.4541688154536803 24.730763747608407
7063.026505340322 3.4557542492813473 24.935318990860168
7066.6665028274665 3.522247416822008 24.904908744276494
7070.306531652108 3.3839799789319946 24.720546485318778
7073.947106371182 3.2366324333872685 25.20020051686003
7077.587082419111 3.338274267823746 24.82930134722908
7081.228774426279 3.0306125954356493 24.893617333730404
7084.870048786789 3.4037240449603168 24.692621296978718
7088.5115903860105 3.4578621887584036 24.673242814988267
7092.153362867457 3.1437546696803245 25.695785282709696
7095.7954406680865 3.3883533985406187 25.214841301771354
7099.437546121292 3.374057072905403 25.111585050214444
7103.080290348859 3.461889339721352 25.32597325499391
7106.723171901944 3.1586857486089768 26.24602828631367
7110.366142410005 3.0955528407539754 26.340781031178494
7114.009576422957 3.371612101436994 25.345056667614514
7117.653135812776 3.6226974408816583 25.023548554548167
7121.2970380119605 3.276129498775878 25.82089323481049
7124.941231294144 3.1114795162053506 25.996130377661515
7128.5855344289985 3.001342669184253 26.252113605316985
7132.230263881222 2.8834461561161704 26.615794236464314
7135.8751563055 2.832887790592967 26.293278622506843
7139.520445808226 3.3295504705150134 24.675822595542435
7143.1657976909755 3.3015893054705665 25.034286057200855
7146.811686000223 3.1141443671213818 25.500074914175762
7150.457767871927 3.5452189414351634 24.543201506077075
7154.103852192892 2.9482392202143317 26.391914201482912
7157.750333029837 2.732754658115361 27.01704820826125
7161.397093678628 2.9257872455568035 26.577330622547187
7165.044251584924 2.9389803324050643 26.70088685997765
7168.691525674928 2.6193280693008614 27.49780053502116
7172.339104640246 3.100611748271713 26.123851653849698
7175.986855989386 3.0954965728347283 26.508743874166704
7179.634945575306 2.441914152291401 28.293835361504293
7183.283334412171 2.8173268602803825 25.813063287968557
7186.931987736119 2.4844487553924077 26.891000662288665
7190.580842985263 3.012601549728741 26.125916585773705
7194.230027308513 2.7180296025509523 27.915624959266086
7197.879298419283 2.431336789038606 27.843433296045895
7201.52907798887 2.6799543921428466 26.83889620981919
7205.178998946284 3.108956987733979 25.618684654913046
7208.829165451377 2.7275122873608924 27.594830298373285
7212.479685915696 2.9129495598559862 27.288320729383823
7216.130186218744 2.4888049307970337 28.807433053372563
7219.781378277986 2.92691789244591 27.17588760485157
7223.43251513628 3.1187881427654776 26.72760620752817
7227.084024936932 2.5743855036678083 28.197212933387664
7230.735809800206 2.7332027068894487 25.94133804902156
7234.387670246291 2.7881438941231558 22.095417207368072
7238.0400574285195 2.520201900250777 19.805318503453307
7241.692595970255 2.4484671493029944 18.408238886663618
7245.345281148646 2.810990837800134 17.684541390068887
7248.998411088745 2.735206285989383 18.6290064270893
7252.651694550687 2.8146380316315516 21.08665460773668
7256.305390896615 2.5433053558506336 24.974942085475497
7259.959226708335 2.6328331213042233 26.29844280915392
7263.613220692033 2.4822078374007255 26.928323605810117
7267.267700884515 2.648540849298654 25.274977086021565
7270.92225339146 2.5824965340931243 20.705293536128963
7274.577108403751 2.4342004319825414 19.480018206883692
7278.232404624188 2.6815195000872767 17.768192841425066
7281.887657288159 2.683111808149964 17.7300128054408
7285.5434502453045 2.507184496558087 20.12808090957024
7289.199366240907 2.4256581743396506 23.285811422678993
7292.855482734309 2.7970661582750753 23.413822742038235
7296.512012792591 3.029688704517588 24.195742342687257
7300.168637933204 2.4783950206929455 25.066088989315386
7303.825606064848 2.4099489072327964 25.278325125996545
7307.482836405126 2.5605433641719335 23.818047914720765
7311.140352190881 2.471304028603698 20.9709451502916
7314.798064510561 2.4509512241291054 20.427381024109224
7318.456251579175 2.671197239402441 20.3952010671375
7322.1144640085195 2.418045106402299 19.6960122932375
7325.772964917214 2.389081936619372 21.089325025278104
7329.431674751836 2.376360787727057 23.64076060717549
7333.090907264963 2.981127373733078 21.312683028989174
7336.750095124414 2.230932744089234 19.21071468517909
7340.409824060365 2.794194128811266 19.544926004341427
7344.069361687258 2.2581945142178115 20.842363593193262
7347.729736195217 2.239650586847121 21.21330739534256
7351.39013146001 2.5399811428000256 24.326004025130107
7355.050726952863 2.185808517967977 25.845917715985387
7358.711532216166 2.4742398675402635 24.54628995462006
7362.372644361476 2.2044786029320824 22.919645630530272
7366.0341443777625 2.505838768970513 21.13122098884117
7369.695880719121 2.5659487607744507 20.963682831459902
7373.357331504676 2.2203797585923817 22.98667877808242
7377.019880760685 2.4197937110264056 23.35470298751908
7380.681700730023 2.1763286764224943 27.169961521964467
7384.345013491177 2.5505883530677624 27.083448817058166
7388.008140318617 2.3899245820235944 26.261703701310868
7391.671395065468 2.286770246163954 26.146782279272607
7395.335335380791 2.5717513099908116 23.724799872285086
7398.999413414541 2.0536097211832547 23.12216642317625
7402.662559033119 1.956969804655648 24.799169184594394
7406.3269574132755 2.2592022076169607 24.637612616679768
7409.991621792586 2.4340145208559854 24.71380423455764
7413.656260786327 2.2527049171531894 27.815883035646024
7417.321399266846 2.3885080656835873 27.329233572191214
7420.986720126314 2.6360739848590358 27.050127797617744
7424.652407569554 2.5852099646280116 26.26317992486497
7428.318162216643 2.508127690843375 26.066192347426885
7431.984482779039 2.285540132071614 25.754793972014483
7435.650703353325 1.9087078654400251 25.745048082135863
7439.317393411463 2.2721547884927262 25.476127591255835
7442.984299118696 2.4748307873801165 26.03558903123578
7446.651633150635 2.444582369520505 26.586349598138895
7450.318953913964 2.309075123800274 28.42074728902535
7453.986677991587 2.604667830727499 27.583498752883013
7457.6545734613055 2.388316326197105 27.77364073710992
7461.322943679893 2.410656360899782 26.8195241324943
7464.9917993961 2.4319268339186157 26.45864902374193
7468.660159238883 2.5388473599291923 25.304144133844442
7472.329073678289 2.3655830915105485 25.22696887965637
7475.998506259176 2.553501654325919 24.20331902355447
7479.667958798683 2.551420360067718 23.787633319760236
7483.337781040797 2.556454854022284 24.612754023468888
7487.007717029677 2.5578344124088397 25.186818995620154
7490.678197646437 2.489497413444754 26.28202013269125
7494.348678516563 1.92313501657233 28.69625088723616
7498.01959456643 2.5426085077932354 27.67186405760648
7501.690744023784 2.0184655973443597 28.734470583948717
7505.36224641905 2.1299221371473283 29.007840018112166
7509.033455802485 1.833380733894556 29.815036432333095
7512.705920139231 2.3665147618569335 27.51090794729945
7516.378129614356 2.16382953408333 25.248685461969114
7520.050434217411 2.136033979704238 22.04903482323479
7523.7230540306955 1.9236460210643205 22.254292326302945
7527.39623404316 2.1513454369933678 21.337946179765012
7531.069531360214 2.123904493576339 22.351576444801463
7534.743070366751 1.9380920093852256 25.403350155008468
7538.416700711041 1.8921110703524855 28.641239863988307
7542.087792839588 2.3416905672296635 23.80466476053778
7545.761762098044 1.822269593911735 26.198505676762743
7549.436775884692 2.9673684494774464 23.298469572824075
7553.111796864877 2.2462932648961624 27.3062128536366
7556.789879573563 2.2954565794280244 28.66597131539266
7560.465355553776 2.2471086241278275 28.935474006459913
7564.14086106233 2.043644066642619 26.234871893217505
7567.816625238823 2.0668907344048617 24.36537107603314
7571.4930400798685 2.029416470799022 24.65446850602725
7575.169108349275 2.024360543246449 23.74030242121767
7578.846243356691 2.117432882408206 24.130168544166732
7582.523121181862 2.423295261400582 25.51353543090319
7586.200647141913 1.9969678554116885 27.25885371284496
7589.878007479478 2.4432391618914204 24.76631479351356
7593.555905795846 1.912337468368527 21.07477683974335
7597.23403172869 1.6430274721042852 14.954630722901243
7600.911960286449 1.8260321563601742 8.791037996600169
7604.590878121058 1.314120875023154 5.965050695915344
7608.269702899304 2.5376524855340197 5.677043534475943
7611.948983540197 1.4755267380697588 8.458618301936715
7615.628186060401 1.6415583079426417 13.479387276728447
7619.308164943784 1.9352380888106826 16.92258026455277
7622.988011038322 2.3985374254684957 15.08220105244329
7626.668176494071 2.2418764898457333 12.551200891916755
7630.348009803048 1.4986556878946036 12.981640714989876
7634.029476707692 1.5715401934856192 13.245571720712245
7637.710781352057 2.3732969204371424 13.743448011736131
7641.391940082443 1.93197300402893 16.176840079798392
7645.073458119975 1.8445205963949847 17.642168724277756
7648.755395074124 1.8889389050729608 19.22771172010419
7652.436542298475 2.109528768529044 20.106097851342923
7656.119816967366 1.603936435377276 21.940669557281964
7659.802675451102 2.04572922764495 21.84535279945912
7663.48577614019 2.2561799738591537 22.978629097492757
7667.16892196636 2.15355542746532 23.8330691323739
7670.852410542552 2.076401996732163 25.066653170125317
7674.536681555122 1.761744473847442 27.658992534778516
7678.220298656131 2.1074878329369167 25.902229843629428
7681.9037987168085 2.0287118633820254 26.05771004832668
7685.5892309255 2.0910431769608104 25.496547049919908
7689.273935160515 1.9877013594421602 25.69964404195264
7692.959244018947 1.8296913058274091 26.297678701843733
7696.644600757041 1.8332391578150198 26.23801957659856
7700.330381815712 1.7101725185907235 27.599554353991234
7704.016495865306 1.8306764754032891 24.432805013941724
7707.702638762587 1.6524275109524187 19.258063477032305
7711.389154847911 2.191748937783009 16.269068860129305
7715.075882429892 2.177148145602372 15.673931398340306
7718.763090984269 1.900137899112605 14.954068880513942
7722.450566956657 1.5018168997727872 17.384945886817036
7726.13817609039 2.2429480964989965 20.361006805479942
7729.826115086296 2.173044709109925 23.658516347805186
7733.514319749946 2.2822750761185175 23.628269537795877
7737.2027901054635 1.6249443629432037 27.2624564039597
7740.891496066909 1.9396580256599047 24.153514287664375
7744.5806296143 2.2004182468609645 18.12057380924051
7748.269921406256 2.1512768937358775 16.843295909985105
7751.959480023433 1.8286652155758736 16.59487493767638
7755.649338275382 1.5836553481142148 15.712200428416377
7759.339554396498 1.9830846487265719 17.996924316623527
7763.029971220687 1.958157154433532 22.152361503190654
7766.7207805936905 1.9461340700429848 21.44286172603475
7770.4117174800585 1.5695401296091929 23.52560453798595
7774.102553096834 1.231418027564577 22.866061305353426
7777.794570696994 1.9726042546024216 21.12999405365702
7781.486605612543 1.8808484559430976 22.363963182520216
7785.178596104753 1.9163084743623906 21.204827154441187
7788.872098417287 2.2137724183331593 17.966029547219986
7792.563693315418 1.869119065857574 18.50028665309333
7796.256698864403 2.0043989606125856 18.33868603302503
7799.950026401191 2.1283661599320762 18.23784474832088
7803.64353123767 1.6985011428374317 21.337897693485377
7807.337603225681 2.420975663938189 21.896896128989596
7811.03165497216 2.0816436190400927 21.49436798357504
7814.725119018 2.538507213037363 17.22715535242914
7818.420663691302 2.3514230992665417 16.57549631537103
7822.116644693709 2.7935180856210695 16.533521760047794
7825.810894061037 1.8116981183995091 17.867427563892072
7829.506416417375 1.532386007833042 20.617495504764946
7833.202917339298 2.2162930763793147 23.758115173330015
7836.898525079498 2.08274174138258 23.66010810215375
7840.594813418106 1.7980249275062172 24.66206545449748
7844.291547142587 1.9749177359490209 21.08590708290855
7847.988489160961 2.2842251012411645 16.421480642909458
7851.685491087804 2.3020290305799813 15.827079180838105
7855.383366122148 2.170012831845841 14.990896202630063
7859.081300539371 2.0482528822783634 14.875843990525128
7862.779267845265 2.4905962817524827 16.51377905765112
7866.477937043969 1.7461402463115843 17.9381577055128
7870.176662358773 2.0712945809694325 19.125643700936198
7873.876877505886 1.346516117570035 18.955258081129347
7877.574962338318 1.4853636154236793 18.9982640256945
7881.274565301955 1.7053137566435441 20.27524870405622
7884.973491496112 1.7971261401420602 18.132221239778623
7888.674636313886 1.8743701014833056 18.76437889028528
7892.375251320955 2.493890334275565 18.998775177623752
7896.076028096779 1.9471417368971187 20.96353130050456
7899.777093775413 1.554274791002525 24.87497886728357
7903.478379865607 1.7455575249726145 24.321706271336573
7907.180345878831 1.8457907654025847 17.02006323841664
7910.882015525023 2.0885836959673 14.9304723705111
7914.584230231429 2.3303547282366845 13.421366025097722
7918.28684969496 2.272907830637411 12.636464870937944
7921.988869191697 2.3250371529787652 14.291964233075912
7925.69281958629 2.045772598694951 17.46915584986224
7929.3964091645985 2.053537495149047 18.874069059483787
7933.100067206544 1.8729062563480336 22.101664927216557
7936.804234024846 1.8831536867641074 22.271732844259553
7940.507912534592 1.9116226259104396 23.670136013760434
7944.213077319632 2.1447704233690863 22.46767681408395
7947.918152946209 1.7451565565952085 22.924705136173586
7951.623163269739 1.8986350228473665 23.419048115646984
7955.328926333348 1.8338494591232568 21.362653894990466
7959.034232101971 2.042852767884783 17.86477130432864
7962.740860839418 2.377098360221904 16.52440957838279
7966.447139556843 1.931782208248023 17.02251116119277
7970.153953985347 1.8957484560150806 16.30872315980782
7973.8611419039 2.0111250116467168 17.82723051703119
7977.568476469138 1.9470176490367113 21.029846488549346
7981.275965570293 1.6527760347088831 21.6142937534805
7984.984024686591 2.1683382382388277 17.71567141849992
7988.692183853465 1.4581705062866777 16.26917690117619
7992.400032408024 2.0917747555722515 16.31513669260167
7996.109686858703 1.9728160028212183 16.416366938701067
7999.818955846979 2.037104297419337 16.696350862963147
8003.528440236075 2.0596323388693074 22.307534640938297
8007.238186069375 1.923799813027995 23.65642345068294
8010.947387247832 1.627400377348196 22.319557147172155
8014.658657982201 1.4963830910521474 23.073267380984326
8018.369441102103 1.6756722895027802 19.035038845028698
8022.08041926662 1.779947756494124 17.430625793647664
8025.791786101178 1.590237793602782 18.074049835617124
8029.503495936638 2.125820053670405 17.417436827316532
8033.215316976847 1.3840945977110604 20.276135932975794
8036.927697623445 1.3995787141184894 25.57956698434398
8040.640193638116 1.9553067933937722 25.54197965345907
8044.353076117655 1.7253003330525392 24.34406546598625
8048.066218860438 1.5808603137477548 24.637591208557172
8051.779831411243 1.7621296052744828 24.409577337580767
8055.493577283108 1.8481773752037813 21.615954271030006
8059.2079904318625 1.74872617100168 20.928847611188225
8062.921961439226 1.8300155227510433 21.784907481520204
8066.636488782394 1.5371278453350798 23.443712957570234
8070.352306133103 1.842946277390414 22.86609938611283
8074.0675019693235 1.3712753522141319 26.555943866025043
8077.783203682133 1.7510465495529248 25.376080218839252
8081.498967467589 1.354208928414316 27.087490046128117
8085.2140951701 2.1797530480477847 23.43352974885245
8088.932288006731 1.5636867006781554 24.985198966007122
8092.649802034374 1.319035836958154 26.594148996151876
8096.366258828894 1.7523007990235553 24.21017324279914
8100.084711066384 0.8730279158013178 24.194927536274495
8103.802188346787 1.6732633919020088 24.135413084035992
8107.5204649180805 1.9299188629515602 24.18051149720504
8111.238462810899 1.1097780257262675 26.64471780726865
8114.958450009843 2.0016243744944084 25.962204505692327
8118.677079530703 1.325574395587251 27.40101500074676
8122.396907170491 1.718568038116642 25.889511653961815
8126.116454924629 1.9846762448947213 25.396501714124316
8129.836735212768 1.8354246339864622 25.318470479434808
8133.557398570609 1.67464619792837 24.9941576760759
8137.27701508972 1.663462878818359 26.003721488498908
8140.999312169823 1.189771564546265 25.722586116354893
8144.720808749435 1.482053634699501 25.065374470591017
8148.4426600708375 1.3314137889855828 25.17474987471985
8152.164744040483 1.8507564566404913 24.87003229559683
8155.887352215059 1.2802021870766893 26.87676751942856
8159.609709715664 1.5013257376432942 26.38861879247334
8163.3333161406445 1.4311628458415055 25.696403823415345
8167.055955713071 1.7498959212265195 24.395086483441954
8170.780212926291 1.7064915173499173 25.46622530751806
8174.504605643998 1.3539895692160677 26.176194453584518
8178.229071948659 1.5886687432074298 24.977426361368444
8181.954213404718 1.4338187017781914 24.133233356473056
8185.678822660838 1.4910746473653005 24.977237609358863
8189.404499319137 1.592546267688184 24.933035137270203
8193.130325909764 1.7076438697328888 24.161934987247783
8196.856256087345 1.5252198881130616 23.98902825631466
8200.582611371881 1.5474406036299346 25.371862221411323
8204.309571004866 1.4481910000591487 26.234669222571704
8208.036833580742 1.7767803872263552 25.053923285359783
8211.763917800014 1.9073458599202657 24.087957705997713
8215.492041416923 1.7411785527030517 24.477603414879166
8219.219807515936 1.3106291392301268 25.455713430228617
8222.94858955166 1.759301647063871 24.437153963472717
8226.677448394006 1.5207034785160867 24.385848181110344
8230.406534558619 1.9811443240959898 22.469967067344346
8234.136078242738 1.9521361466428335 22.832937977236316
8237.865987656818 1.2502088974484857 26.992810932353265
8241.596104489992 1.7392842979614025 25.266980139284254
8245.32642866727 1.4740752067293763 24.86697104700279
8249.05735658879 1.6124666751692358 25.122767065720083
8252.789655133625 1.5924868243416572 24.794748920091088
8256.520000534052 1.6251692122430732 24.677823277310512
8260.25221635567 1.9134210384508883 24.2233971046588
8263.98422124777 2.16549715072581 23.146109365903875
8267.717140491368 1.6550846673993849 25.359743098204024
8271.450071460915 2.067018979090996 21.591776448124303
8275.183232624153 2.321274203860264 17.719182743691924
8278.916827235758 1.605267382571405 16.128320127508697
8282.650731078382 2.0790872867884556 12.914846886002767
8286.385066281773 1.3990841651977162 12.86963397159997
8290.119727660544 2.0089235526892577 12.181552486503268
8293.854662097307 1.9240859009096087 10.722518746848065
8297.590188543181 1.2394795794271647 12.92092983237724
8301.325862015994 1.6787816489854894 14.04380176739484
8305.062177257152 1.971525288632354 13.0804883025426
8308.798452286694 1.5181071122130252 17.894606400919773
8312.535386282647 1.533341821425346 20.374428030043603
8316.272251765864 1.0601734940842078 21.84972051581453
8320.010179978091 1.7301696940102724 22.374796596933564
8323.748075261323 2.2581200936756205 22.075887634002864
8327.485348202148 1.6419095627961802 25.107078300829453
8331.224628740218 1.8025169269411372 23.801508298125725
8334.963496497398 1.8892185934585646 20.12173935037762
8338.702650891033 2.4708138343194803 10.4642601403645
8342.44237597946 1.9309316100060918 9.431928434889958
8346.182308136866 2.3150099011470724 8.549181364887602
8349.922978507031 1.1325075831304818 8.46068274014498
8353.66370737937 2.126056777128773 10.892065657727734
8357.404582681935 2.017283932507667 15.080827562210489
8361.146037022905 1.8348193111712805 15.999786003292437
8364.887814758174 1.9368895670698945 19.639906660727153
8368.630261867836 1.6852561562695958 20.299420785842962
8372.372537800964 1.4847482952849673 20.546046282180658
8376.115561228722 1.9836242041546575 19.122433684471407
8379.856949059842 1.857853553886252 18.076465768213275
8383.602379828908 2.07198768886942 17.573894097692076
8387.346437437933 1.5230909915199735 18.380805851437227
8391.090783222646 2.3543851019678255 14.85895483434589
8394.835495085157 1.832903327016889 11.767094803442035
8398.580836253162 1.8820517375178138 11.774685629529944
8402.326089829492 2.4877735062661572 11.480244666286758
8406.072063218238 2.056699470666538 11.574251072140932
8409.818467234605 1.8120997060901405 15.547210070433108
8413.564831388765 1.8992065815440826 17.439751142209936
8417.311564622723 1.5264080322819877 17.967028826214083
8421.059173207474 1.8034522506756827 15.75384300597484
8424.806865952025 1.4886951877361707 11.08104981910889
8428.55522396251 2.0438428979868224 10.964343909668257
8432.303566996063 2.2357417767910346 10.875369599037068
8436.052451433521 2.0775344485758938 10.7514947507067
8439.802088665312 1.803108310575874 15.612529249360191
8443.550497959983 2.133572453991727 20.367917580512515
8447.301447753902 1.8860288459507186 18.260510857773443
8451.051530988869 1.946206847487898 17.69155538552591
8454.802386824767 2.101285192151528 17.227265605414374
8458.553481290457 1.5133704920180324 13.992949958490549
8462.305230174306 1.3533587365833595 13.212970379527682
8466.057053581988 2.2613648853248143 13.434765233236611
8469.809362053711 1.8855534434289998 13.399547711995012
8473.560880666797 2.728841158185703 13.679946238640069
8477.315016225832 1.680679424844342 22.71683827483876
8481.06849522221 2.7164582387749285 21.757167845910928
8484.822480978684 1.7862527738199583 22.77009089451251
8488.576655723742 2.058404091766168 20.6346156262661
8492.331036021476 2.104859006311266 19.328934049066444
8496.086298999899 2.16768622348788 18.469995808234515
8499.84148791534 1.8631082086284858 15.33409343650516
8503.597482554072 1.795311399697076 16.221603704082117
8507.353404276208 2.2235173183206594 16.43563097765115
8511.110148213213 1.6732896111555173 17.58795429967163
8514.866960320915 2.2068472641037458 19.752024551752527
8518.624331004747 1.612899526114869 23.78621196283996
8522.382202430763 2.0209472691094312 22.065196645508337
8526.139818093492 1.6981153400940958 23.780929488708615
8529.89894576312 1.80928672489635 23.20618186477513
8533.657721061525 2.1845364936936185 21.64294911157032
8537.417251695912 1.914782569941897 22.64620804123463
8541.17690252501 1.744637649072253 21.504924660764516
8544.937105575593 1.4171394013092669 20.60587149890783
8548.697872631965 1.9990413736675352 19.803723494197275
8552.458854800992 2.3023007149404995 19.902086226497765
8556.219753283454 1.9727846798328592 19.953116018742847
8559.980520782088 1.730504447309679 23.069029235967953
8563.743026029837 2.119287149728621 23.09494931188591
8567.505557381712 2.482038882994165 21.539556040448883
8571.26923077041 2.2304842870208383 21.991927098342725
8575.032684202803 1.8434007215518196 22.93530523301057
8578.796619632025 1.823237233298354 22.782914333116526
8582.560741867064 1.98431340372683 21.759871471691852
8586.325204237872 2.097680679585674 21.67134464846331
8590.090180875066 1.7352168003734267 21.99485085320946
8593.856916146326 2.117496378146093 20.33712920929326
8597.621444495671 1.5414358114046143 21.768548472248536
8601.38779487843 1.568773329760259 21.86728217194739
8605.154684592762 2.2301947662270063 20.801797684299718
8608.921571382634 1.7960856875982247 21.49196103841679
8612.6890728963 1.7163428657044435 19.8814013182835
8616.45699409166 1.7845846510381718 16.810155956790727
8620.225043878143 1.8051499096524257 14.070074220595474
8623.993908023336 2.207633267650759 12.14093380767749
8627.763196347707 1.8474070908379736 11.472501991044076
8631.53292218653 2.0407700816053485 10.741738884233383
8635.30270439964 1.8199518904614194 11.503826420535761
8639.073347415318 2.098431263036542 12.462816582066331
8642.844044521162 2.2135210193544115 13.496023036312764
8646.614214661553 1.4779188166241184 14.043751461458749
8650.387041459378 2.1016129194320667 13.046862652012695
8654.159370602913 2.285934799660566 11.436784333286148
8657.9315810064 2.0721246377586087 10.77428617561539
8661.704634871126 1.6965092516809461 10.78738161293489
8665.478102980633 2.298913110387641 10.548065377469346
8669.25188811071 2.2556276053412336 11.15921103736882
8673.026201045004 1.8097985066808513 12.739135289437298
8676.800727953198 1.9952194720519736 13.55784742434839
8680.576062799422 1.640382633950225 15.538239740690521
8684.351325526652 1.6558865443943984 16.674963377092592
8688.12755150787 1.3002811616163297 18.18382948295036
8691.904044044899 1.920290197593294 18.769258355872132
8695.68081258025 1.8374156551259444 19.160217400688207
8699.457982471265 2.2582989041195662 19.10250549526416
8703.23587939173 2.042805557085926 19.443836793258306
8707.014088827722 2.0145942778874764 19.382718308463193
8710.792805040013 1.5408607218196546 20.597485196253157
8714.571506280205 1.4475645843083191 20.986487940100066
8718.35099490542 1.9163703952805258 21.048468767072478
8722.131029665941 1.3759481696884497 22.756196553202933
8725.911627144653 2.3190848139759987 20.39130241051847
8729.692119615194 2.099637326592239 19.964547267695007
8733.473744790359 1.7988209171932779 20.77709779138834
8737.255242384472 1.4862775831356065 21.02640723495983
8741.037419455874 1.7624711099585826 20.78864119821583
8744.819872365508 1.9334285522396653 20.729428727139496
8748.603238220912 2.010286261956677 20.238860769372305
8752.3865728142 1.299379118762548 20.293811751097262
8756.170286479295 2.0596249566558438 13.988726645344943
8759.954727124377 1.1641193448177471 11.634372594953096
8763.739808954571 2.018812407469117 8.247973854854152
8767.52494103975 1.709296524510916 7.7447360101088645
8771.310918548817 2.9072005985687555 7.433100497165565
8775.097090729749 2.1533389899611723 6.8236788361095115
8778.882991666369 1.7441458226146325 8.367867849542476
8782.67083711746 1.903067655885871 9.50748601916857
8786.458356484223 1.6351260979965014 9.355354956233043
8790.246487531113 2.297714794746969 12.465193779649223
8794.0340084763 1.9128760574233434 15.213861624636293
8797.823801322556 1.8810450255014384 15.43222339649728
8801.61348827575 1.7520738819785033 17.23967121463298
8805.4027684386 1.9308806870673056 19.166744817896845
8809.194617629837 1.919195638446793 19.435872996020763
8812.98495714922 1.3351118964125965 20.38523168604155
8816.77562074955 1.2296413733305676 20.01460982453776
8820.56675048182 0.8943724099899377 13.340572106372319
8824.359748363293 2.3464665100661133 6.360155288467718
8828.152233344705 0.5644495668541285 6.278660675120817
8831.94559249821 1.9754593216018015 5.199040647129445
8835.739366046299 1.1902385939383324 4.879061642561756
8839.53344240363 2.158947658357555 7.666950657220809
8843.327874788461 1.252301307695867 10.555575375846017
8847.123078841614 1.486830638787197 11.354989828284205
8850.91835143018 1.193878152382042 15.78392444815386
8854.71469867286 1.478978864530044 15.21379286482167
8858.511042711665 1.5369411630041754 15.53384812813286
8862.30795379973 1.7489140346733945 14.31178176456264
8866.105260410992 1.2185474102239704 13.250159774353095
8869.903347851692 1.4604571597972105 12.933253363292504
8873.701875712086 2.0469189167431057 12.617194269906319
8877.50051700345 1.4678516999572502 13.307707133775281
8881.299980925769 1.7456744819638057 9.87024118767926
8885.09958826834 0.9915421330011088 7.77437323928853
8888.900203623583 1.6088537014803719 7.319552778212863
8892.702273841613 0.7884768710487522 7.293020747414896
8896.502348598191 1.0365070164549985 8.347230665073333
8900.304105956446 1.228199612708429 11.656061921986865
8904.106494366586 1.193545343701688 12.175180252095172
8907.909213599558 1.4302971038963332 11.52958623946021
8911.712260710887 1.6165572357139204 10.69806799170086
8915.516270511203 1.5743025390046992 7.971887749306932
8919.32040972574 1.3934146650568915 6.687023921225843
8923.125373146497 1.828704208913329 6.639647677147448
8926.93058551529 1.0220488565378691 6.77399419310909
8930.736519109723 1.9485921643433604 7.403262049792943
8934.542568076764 1.1616275337261324 15.82131613252925
8938.349435045644 1.3477452285010072 15.193102458165864
8942.157631609924 1.1872784153232774 12.02086475070735
8945.964339723017 1.8973181672523927 11.730054365787337
8949.77257849366 1.420796763830675 11.845008332675318
8953.581587348728 1.6343334645546357 9.075067352345677
8957.390499156474 1.0216659776577652 7.882911771706378
8961.200504992408 2.258612415298908 7.417720756915783
8965.010604254041 1.3518231173047945 7.424515612188205
8968.821425847844 1.602660768261408 7.843676385073581
8972.63348427828 1.1874611791824636 13.93677219717952
8976.44478388433 1.4256594309520396 16.381755027183768
8980.256737490916 1.245105288910843 15.484043735442425
8984.069759807433 1.787920179772902 13.191572134871091
8987.882971686744 0.6106158715484733 12.109503391413641
8991.696936853745 1.0077124391448808 11.51480386027972
8995.51121342775 0.636767040937469 11.489551649112304
8999.326159063834 2.115584381563316 8.458645811154566
9003.14137795893 0.5047927236890725 9.584637846728569
9006.957419836343 0.794873015404033 10.263271103930649
9010.774002491877 0.9653795806463973 9.785190746112463
9014.591249204377 1.5965055000979405 11.853867743260354
9018.408553498852 1.0119987621604822 16.431012148306944
9022.226411716996 0.8294529461252279 16.23368199998174
9026.044874563246 1.5124074697797252 14.918579100500974
9029.864094645 1.1389349172706862 15.955952668163054
9033.683387613484 1.294924305925311 15.447553001755189
9037.503619640402 1.6563987472935542 13.400045156687803
9041.32500640166 1.3325849412499389 13.727971763698749
9045.145342294973 1.1685423458881148 13.39732366362788
9048.967325414591 1.7396486263195352 10.588889473617849
9052.789490576317 0.9801646831679354 11.972040696376776
9056.612391662688 1.1943515397933624 12.543366153893704
9060.435904678423 1.8839904029660082 11.302115873682459
9064.259354805385 1.2081825273413418 14.01928762461608
9068.084139414848 1.5321914872601587 13.385671414578182
9071.908677931413 1.1844034553884135 13.117355161419079
9075.734422838077 1.5914202382403229 13.11377511721941
9079.56051528466 1.2145885931222011 14.42464393473339
9083.387039409698 1.2933812759984467 14.700712525840737
9087.214087349037 1.7714339763461782 13.73732285438897
9091.041650739513 0.7683015468501839 14.454235339343947
9094.870131431546 1.2358109614695205 13.510966234158674
9098.698633457629 1.3600548727840807 12.407964719156803
9102.52787417199 1.5903484764378883 11.394499765384253
9106.357542503572 1.1242302837575793 12.101755122699295
9110.188115463285 1.4135046975706957 12.646783598379658
9114.019078549622 1.5368392103901032 12.67722315780191
9117.850534268613 1.2299210426803824 14.00780498326479
9121.682600390392 1.234773983787225 13.770854869457054
9125.516025947232 1.333676864633709 13.170013382644477
9129.347998746287 1.1328577205966992 13.433735491380213
9133.181704836647 1.8320924728743098 11.863189862299892
9137.016271946397 1.0357782751180282 13.778647199196993
9140.851129438368 0.7454836909978215 14.944662551800384
9144.68637936469 1.3284622635566605 13.20155746133967
9148.522268224731 1.2524354210044932 12.363842046678663
9152.358993122427 1.6750917028875474 11.480991227340436
9156.19624058979 1.0928241661027163 11.642362212702869
9160.033109352766 1.9360120482478198 11.021390133959873
9163.872390013017 1.7375744992622415 10.848335080069266
9167.710755394572 1.120256657808454 12.142287500243496
9171.550451642497 1.6391632805298713 11.300532866715963
9175.391517288484 2.080586638984901 10.976161756865427
9179.231123850646 0.765544626307563 12.6841493542622
9183.071685596604 0.9500567259406351 13.006966836673424
9186.913569931094 1.2612292579720916 12.300726495416109
9190.755421478738 1.0809389727406526 13.000792143399531
9194.60001832887 0.8213089521255652 13.284450403672455
9198.441928935215 1.332369798460546 12.097682709033675
9202.285794004374 1.7270541335252618 12.194870491908333
9206.130209892817 1.2059376868321137 12.345789199264194
9209.97559494659 1.4370606582071601 11.751504513284067
9213.821097683545 1.2209060735989423 12.178758169127098
9217.667158570446 1.930737190276108 10.55694414411162
9221.514250937165 1.5498432133821625 11.346781731473213
9225.361551088838 1.2060816260482632 11.535479006782683
9229.209941767413 1.2124629511497738 11.394602829419838
9233.058452701622 1.5875354422884573 10.619668020305616
9236.907657406025 1.6498984960716352 10.564937085522793
9240.757711425762 1.7449926866268577 10.222863712573375
9244.607103285065 1.1588651529950247 11.47613451505889
9248.45904402618 2.43024055576824 10.329035737544762
9252.310629770205 1.7218404814984227 11.035969174518348
9256.162638723119 1.8463871749502476 10.450387397999162
9260.015742737962 0.9054367438547903 11.235152634388026
9263.868214226912 1.7339853210609895 9.6705649729395
9267.723017254779 2.0303044595988378 9.426968259677189
9271.57748275222 1.9728663656755636 9.61061471404454
9275.432932146581 2.043323733611452 9.201130729602813
9279.288761564661 1.7901684311069646 9.267030530805046
9283.144913342378 1.660997505464031 9.870959959886026
9287.00252328983 1.9914428208082853 9.050727316745608
9290.859911327203 2.087547772892185 8.623678711560435
9294.718208273796 1.8492356336318518 8.251398969353522
9298.57841820857 1.317880292542018 8.00464212530426
9302.437867016639 1.91558848473472 7.310734837474288
9306.296608414035 1.2720620758717074 6.515838914751864
9310.157321164437 1.585196779004035 4.0205311470024725
9314.018630898594 2.2035637423438827 2.569794180203424
9317.880564575313 0.8511370950975032 1.968116553664741
9321.74308477123 0.810702047636472 1.7487515914389034
9325.606405295808 2.206943801856334 1.6137071099242792
9329.470109998612 2.4045816455738604 1.7780836394742836
9333.334763949364 2.3726347727515633 2.4301115063993257
9337.199815329888 1.7575586295470045 2.4333943760482293
9341.065477654043 1.4427787617411936 2.5384719302831606
9344.93150909517 1.9279096395695259 3.4955030010162558
9348.79850719456 0.823948753631821 4.132576730929715
9352.666846899383 1.9500481204319091 3.959092492962637
9356.534382182426 0.855161381554562 4.608827427246989
9360.403357994026 1.9200199873633244 4.608577966749629
9364.27317842456 1.9062219212653417 4.690128929248397
9368.142811078755 1.2342209527061738 5.0537908276524925
9372.014103508527 1.0868503787706452 4.880731380579222
9375.884934167423 1.9416738010813805 3.0009636291036776
9379.757103992937 4.032271328924073 1.2889549984250488
9383.629915425241 -0.5672793299393495 1.3577538933249367
9387.503030698406 2.773070234919591 1.4827935638414367
9391.377428434 1.3435127547611407 1.7757702525663328
9395.251992076282 2.0561430030349177 3.4823480873067094
9399.126994372431 0.6994509001415934 6.488866971272577
9403.00273572089 1.2702427330230082 5.7916401949925795
9406.88176412917 0.2611236035597936 5.24531217829494
9410.756518297088 0.5949083274352338 4.88360567228975
9414.633003002653 3.099914326220085 4.173419923797551
9418.512673331785 1.108521685566166 4.560450389586673
9422.392279477248 2.1780745677295714 3.9871777387099256
9426.271836762638 0.39898406549096604 3.315047309349543
9430.15236397643 1.3165650086545626 3.0450410457362467
9434.03353811141 1.348054889103744 2.908617040335102
9437.915392681149 1.5243825093811967 2.9729972146477044
9441.797628168806 2.0741305594466737 2.6211530673193346
9445.680941309853 2.8624761274660577 1.7214777087202715
9449.564666394257 0.8604816047612857 2.0115702431207656
9453.449164941181 1.1501533599428053 2.0105053758511584
9457.334146349842 0.8695923297132664 1.960262142647418
9461.218854935192 2.2112681041626336 2.708597074707215
9465.10664733562 0.7114500664832434 2.7250747860605147
9468.993463788293 1.84447514821987 2.715775219375018
9472.881383784457 1.7024655305982166 2.810451437211806
9476.770141255589 1.3343535564626636 2.870239141115223
9480.659040416349 1.6513191058232461 2.63315933969736
9484.549026265258 1.6285579249464386 2.0883732852215635
9488.439469632123 2.215043051377931 2.1431680217368205
9492.330741493117 -0.3987583004808608 2.195924313546518
9496.221723878598 2.6572928028916865 1.9558161315025582
9500.115534558085 3.073799374686924 3.035497808002761
9504.008410396296 1.3459985461202502 3.902012193044027
9507.902292681658 2.015730828259448 3.3505415774700786
9511.796741414537 1.41206179480044 3.3638770706509793
9515.692310647328 2.4989869589970852 3.044916676706946
9519.589111079062 2.5039659911650674 2.6111505850143524
9523.485242500738 2.3214072751978367 2.381873487336163
9527.382298644501 1.977584043710943 2.717572082001766
9531.280679940557 2.1077118380331363 2.9176119639444944
9535.17945502088 1.9527058339072525 2.9583876692607385
9539.078635100639 1.689258386167108 3.2249130170852003
9542.978890628317 1.1142399101773197 3.9212315290401016
9546.87999514443 2.65100566703469 3.527711327456451
9550.780284513414 0.8340875303756571 4.0297120199797085
9554.682548240744 2.7962254056758784 3.393932678953237
9558.586533028518 2.1467782767909314 2.99153120940898
9562.489939916417 1.3136449978532776 2.904974725785613
9566.394634797782 2.1847545244187097 2.7735560170642772
9570.29938151013 0.8836875324283555 2.9420043370999003
9574.205731190139 2.411911613548616 2.4101437363634033
9578.111799215185 1.6720323395340282 2.5110008662831556
9582.019275945517 2.843252139935725 2.2831780944988296
9585.925521370284 -0.4788586493248634 2.5721981590308616
9589.836029578397 3.3682031257586873 2.28005227359665
9593.74588395657 2.1700465504060094 3.349640147596864
9597.65526058674 2.2016941858051937 3.625222051112634
9601.567034794853 0.7622481330985776 4.213982474472335
9605.47787710521 1.8138583254536516 3.8997786665719203
9609.390338726022 2.01287128826352 3.8700266290082164
9613.303644276373 1.5097689943179 3.539897985249246
9617.216882876512 1.5893936086023066 3.2471804962235797
9621.131521498197 1.6616323040948895 3.0548543979280107
9625.046365349739 1.891699308823224 2.8844115455119503
9628.958542956057 1.936392957625697 2.48986988550517
9632.87895375797 2.44332247454686 2.7464607277126634
9636.796532898392 1.9101602083235316 2.931741427105787
9640.714361658253 1.8854116898471525 2.847559614165184
9644.63359332287 2.422246111516602 2.9633393597787236
9648.552431008015 2.1390066674970676 3.3090180238243816
9652.473683621738 2.201306862454437 3.1140063191790213
9656.394751773561 2.6567833598013584 3.191920717648534
9660.316284885643 2.0695329650879475 3.1940777501375743
9664.23922974363 3.00801770768535 3.0548561215249763
9668.161684601291 2.074948990089762 3.061203865392368
9672.086729809624 2.8467998627071585 3.0873068697582906
9676.01397218116 2.1907552595430446 2.41286473683653
9679.936741185245 0.0 0.0
