#OBJECT=ZTF26aayzmff_o2
#EXPTIME=900
#MJD=61250.4443
#AIRMASS=1.1415
3065.6 0.52773
3066.6 15.05
3067.7 10.913
3068.7 0.29858
3069.7 3.8078
3070.8 -5.7865
3071.8 11.607
3072.8 -2.7038
3073.9 -1.2274
3074.9 6.3223
3075.9 1.5611
3077 -1.09
3078 -0.5713
3079 -8.2098
3080.1 7.8983
3081.1 -5.0139
3082.1 3.481
3083.2 6.3336
3084.2 10.946
3085.2 19.37
3086.3 4.1377
3087.3 -1.7951
3088.3 12.198
3089.4 -0.86287
3090.4 0.11541
3091.4 -5.3924
3092.5 -2.9623
3093.5 4.1837
3094.5 -2.6859
3095.6 3.8121
3096.6 1.6974
3097.6 3.69
3098.7 1.9467
3099.7 0.044888
3100.7 -9.6163
3101.8 5.9943
3102.8 5.1152
3103.8 -6.3286
3104.9 2.228
3105.9 -1.1907
3106.9 4.5047
3108 1.8167
3109 5.1666
3110 0.83512
3111.1 2.3843
3112.1 -2.3886
3113.1 2.584
3114.2 -7.2909
3115.2 3.9377
3116.2 1.9855
3117.3 -1.8687
3118.3 1.2999
3119.3 3.3451
3120.4 -3.5983
3121.4 -2.195
3122.4 0.66298
3123.5 6.3197
3124.5 -2.6535
3125.5 -2.1295
3126.6 3.7661
3127.6 0.10018
3128.6 -4.3469
3129.7 2.5679
3130.7 2.998
3131.7 2.9656
3132.8 5.1232
3133.8 0.71457
3134.8 4.7938
3135.9 4.066
3136.9 0.0076693
3137.9 1.7634
3139 -2.3857
3140 2.7414
3141 -3.5842
3142.1 -2.5807
3143.1 -1.2107
3144.1 0.5826
3145.2 5.9361
3146.2 -1.0267
3147.2 -0.50543
3148.3 10.271
3149.3 9.4015
3150.3 -0.16775
3151.4 3.6357
3152.4 3.3786
3153.4 6.3284
3154.5 3.7231
3155.5 3.428
3156.5 2.1907
3157.6 1.5939
3158.6 3.7028
3159.6 4.5882
3160.7 2.5217
3161.7 2.5856
3162.7 -0.010603
3163.8 -3.1351
3164.8 3.1269
3165.8 0.82002
3166.9 -2.7107
3167.9 -0.11561
3168.9 -0.52428
3170 2.7908
3171 4.1154
3172 2.1976
3173.1 4.0813
3174.1 0.81944
3175.1 -0.75868
3176.2 2.7086
3177.2 -3.6058
3178.2 4.2967
3179.3 7.0905
3180.3 -0.36035
3181.3 0.31023
3182.4 4.4922
3183.4 2.0726
3184.4 3.767
3185.5 5.0131
3186.5 2.542
3187.5 2.8701
3188.6 -2.2773
3189.6 0.5571
3190.6 -0.94503
3191.7 2.1735
3192.7 1.347
3193.7 1.1922
3194.8 -2.1304
3195.8 2.498
3196.8 4.4117
3197.9 0.52866
3198.9 2.0631
3199.9 3.6461
3201 3.0939
3202 1.2225
3203 -0.18474
3204.1 -0.34016
3205.1 0.39214
3206.1 0.19419
3207.2 6.6756
3208.2 0.27583
3209.2 0.95387
3210.3 2.021
3211.3 1.4026
3212.3 2.4808
3213.4 1.0539
3214.4 1.2297
3215.4 -1.9372
3216.5 1.0952
3217.5 -1.0062
3218.5 2.2861
3219.6 5.5102
3220.6 1.9567
3221.6 -2.9323
3222.7 0.44592
3223.7 -1.0232
3224.7 0.47943
3225.8 0.11727
3226.8 -2.3751
3227.8 2.3911
3228.9 -0.67727
3229.9 0.98949
3230.9 1.4871
3231.9 2.192
3233 1.0954
3234 -4.4475
3235 -2.0142
3236.1 1.9936
3237.1 2.2682
3238.1 5.9252
3239.2 3.8811
3240.2 5.6008
3241.2 0.064336
3242.3 6.9216
3243.3 0.48971
3244.3 4.3754
3245.4 2.5326
3246.4 -1.2811
3247.4 5.734
3248.5 2.0034
3249.5 -1.8728
3250.5 -2.1985
3251.6 0.24202
3252.6 1.3263
3253.6 2.3
3254.7 -0.70273
3255.7 5.809
3256.7 2.7895
3257.8 -3.3432
3258.8 0.077451
3259.8 -3.9605
3260.9 1.8927
3261.9 5.7326
3262.9 1.654
3264 3.0572
3265 7.3521
3266 -0.61885
3267.1 8.4312
3268.1 4.4338
3269.1 4.7935
3270.2 4.5639
3271.2 3.2535
3272.2 -1.8502
3273.3 5.4954
3274.3 1.0091
3275.3 2.2974
3276.4 2.7974
3277.4 -3.9001
3278.4 4.2046
3279.5 4.1138
3280.5 1.6093
3281.5 0.53288
3282.5 0.26754
3283.6 2.2121
3284.6 -0.11469
3285.6 3.3959
3286.7 4.1525
3287.7 3.0926
3288.7 5.802
3289.8 4.7291
3290.8 3.2335
3291.8 3.5821
3292.9 4.273
3293.9 3.4949
3294.9 -1.0362
3296 4.1161
3297 2.3528
3298 -0.3419
3299.1 4.424
3300.1 3.6777
3301.1 5.9241
3302.2 5.0557
3303.2 -2.3673
3304.2 1.1247
3305.3 3.9812
3306.3 1.6584
3307.3 1.0272
3308.4 0.81651
3309.4 -1.9347
3310.4 -0.43896
3311.4 4.722
3312.5 2.3867
3313.5 -1.1151
3314.5 -1.01
3315.6 0.82237
3316.6 3.51
3317.6 -0.082273
3318.7 1.5082
3319.7 5.9618
3320.7 1.7836
3321.8 4.2409
3322.8 2.623
3323.8 3.6479
3324.9 2.7019
3325.9 0.12188
3326.9 0.99033
3328 1.3757
3329 0.45951
3330 -0.9048
3331.1 -2.9086
3332.1 0.65865
3333.1 0.44894
3334.1 0.71134
3335.2 3.6678
3336.2 2.3206
3337.2 -0.74714
3338.3 1.6153
3339.3 3.3402
3340.3 -1.51
3341.4 0.69011
3342.4 3.2174
3343.4 0.62296
3344.5 -1.1853
3345.5 -0.91076
3346.5 1.2735
3347.6 -0.73902
3348.6 0.70006
3349.6 3.0518
3350.7 2.8672
3351.7 1.1073
3352.7 2.0525
3353.7 3.4478
3354.8 -0.12171
3355.8 3.3646
3356.8 -0.084416
3357.9 2.0908
3358.9 3.6668
3359.9 1.7946
3361 -0.9193
3362 -4.9259
3363 -0.69421
3364.1 -1.0402
3365.1 4.9316
3366.1 2.91
3367.2 3.5304
3368.2 -0.41484
3369.2 1.7343
3370.2 2.909
3371.3 -1.9812
3372.3 2.5004
3373.3 -0.95168
3374.4 -1.0432
3375.4 0.22452
3376.4 3.5679
3377.5 1.8862
3378.5 1.214
3379.5 2.1894
3380.6 1.7563
3381.6 3.6038
3382.6 0.40505
3383.7 4.9779
3384.7 3.8187
3385.7 0.97613
3386.7 1.8152
3387.8 2.3613
3388.8 -1.0764
3389.8 1.4652
3390.9 3.0376
3391.9 3.6796
3392.9 -0.28288
3394 3.0593
3395 2.3691
3396 0.55798
3397.1 -0.91311
3398.1 1.9176
3399.1 0.96949
3400.1 -0.57399
3401.2 2.1835
3402.2 3.827
3403.2 2.2336
3404.3 2.3987
3405.3 4.3694
3406.3 4.2879
3407.4 2.4459
3408.4 0.62465
3409.4 1.9287
3410.4 5.1403
3411.5 2.4783
3412.5 3.5601
3413.5 -1.9798
3414.6 5.2438
3415.6 2.0799
3416.6 2.6333
3417.7 -1.4299
3418.7 -0.98731
3419.7 3.2318
3420.7 3.3788
3421.8 1.8343
3422.8 4.0926
3423.8 0.31279
3424.9 1.5911
3425.9 -2.0583
3426.9 0.889
3428 -1.6519
3429 -0.91993
3430 2.8605
3431.1 2.4806
3432.1 2.1961
3433.1 -1.0971
3434.1 0.61474
3435.2 2.6405
3436.2 1.0709
3437.2 1.602
3438.3 -0.36035
3439.3 3.1538
3440.3 3.0026
3441.3 1.1841
3442.4 -1.8731
3443.4 -0.29101
3444.4 -0.47299
3445.5 -0.59893
3446.5 2.4765
3447.5 0.40192
3448.6 -2.6637
3449.6 1.2869
3450.6 1.779
3451.6 -1.2143
3452.7 1.499
3453.7 -0.96532
3454.7 1.4956
3455.8 2.86
3456.8 0.12212
3457.8 1.6428
3458.9 2.3217
3459.9 4.9281
3460.9 0.6843
3461.9 0.85457
3463 -0.86542
3464 0.63054
3465 0.49885
3466.1 -0.96378
3467.1 -1.9778
3468.1 1.1078
3469.1 0.92854
3470.2 2.2886
3471.2 2.8209
3472.2 0.57092
3473.3 2.789
3474.3 0.038776
3475.3 1.2376
3476.3 2.4295
3477.4 -1.7398
3478.4 0.93185
3479.4 1.9523
3480.5 0.32783
3481.5 3.2518
3482.5 1.5271
3483.5 2.6487
3484.6 1.2359
3485.6 -0.51304
3486.6 1.0597
3487.7 1.6312
3488.7 -2.6577
3489.7 -0.28171
3490.8 -0.20023
3491.8 1.5812
3492.8 0.088084
3493.8 4.0182
3494.9 4.514
3495.9 -0.25011
3496.9 1.4249
3498 -1.1689
3499 1.5402
3500 2.9148
3501 2.6417
3502.1 2.7178
3503.1 1.9287
3504.1 -1.2232
3505.1 -2.7486
3506.2 6.5824
3507.2 0.35139
3508.2 -0.30645
3509.3 2.8124
3510.3 0.066125
3511.3 2.6331
3512.3 1.6878
3513.4 1.8688
3514.4 -0.058855
3515.4 1.0196
3516.5 4.2268
3517.5 2.3754
3518.5 1.2153
3519.5 -0.91634
3520.6 1.0279
3521.6 1.5691
3522.6 0.68242
3523.7 1.9403
3524.7 -0.18219
3525.7 2.199
3526.7 -0.3256
3527.8 4.062
3528.8 2.1564
3529.8 1.0911
3530.8 0.67576
3531.9 1.6968
3532.9 1.3596
3533.9 0.36535
3535 -0.37988
3536 -0.80621
3537 -0.87189
3538 -1.819
3539.1 0.2286
3540.1 -1.1472
3541.1 1.1463
3542.1 1.1434
3543.2 1.1856
3544.2 0.99906
3545.2 4.0953
3546.3 1.8213
3547.3 3.6301
3548.3 0.60612
3549.3 2.2336
3550.4 0.099627
3551.4 -0.2062
3552.4 2.3162
3553.4 2.9733
3554.5 0.71333
3555.5 1.3573
3556.5 0.85739
3557.6 3.8404
3558.6 1.8641
3559.6 0.54204
3560.6 0.85948
3561.7 3.4057
3562.7 4.0639
3563.7 0.23017
3564.7 0.67355
3565.8 1.127
3566.8 0.99533
3567.8 1.3595
3568.8 1.079
3569.9 1.5711
3570.9 1.4749
3571.9 4.8505
3573 3.5027
3574 1.1933
3575 -0.16509
3576 0.75828
3577.1 3.0666
3578.1 2.414
3579.1 0.37953
3580.1 3.06
3581.2 3.2574
3582.2 1.2951
3583.2 2.4072
3584.2 4.6176
3585.3 -0.13277
3586.3 4.4528
3587.3 0.81779
3588.3 1.2464
3589.4 1.3418
3590.4 2.9769
3591.4 0.25701
3592.4 0.20604
3593.5 0.73869
3594.5 -0.016541
3595.5 1.5555
3596.6 1.756
3597.6 -0.067737
3598.6 0.47257
3599.6 0.30084
3600.7 0.16599
3601.7 0.89378
3602.7 3.3636
3603.7 0.59485
3604.8 0.55076
3605.8 -1.8255
3606.8 0.56681
3607.8 1.4444
3608.9 2.7333
3609.9 -1.7654
3610.9 3.1967
3611.9 4.2658
3613 2.5378
3614 0.9813
3615 3.8365
3616 -1.1729
3617.1 2.2125
3618.1 2.6732
3619.1 3.6105
3620.1 2.5653
3621.2 4.406
3622.2 2.0796
3623.2 0.2277
3624.2 1.4366
3625.3 2.6803
3626.3 3.1379
3627.3 1.3107
3628.3 4.1841
3629.4 1.3532
3630.4 0.07626
3631.4 -0.014607
3632.4 2.4013
3633.5 1.7778
3634.5 1.2528
3635.5 2.1662
3636.5 2.0509
3637.6 2.6895
3638.6 2.6216
3639.6 2.2214
3640.6 2.1672
3641.6 4.7534
3642.7 1.904
3643.7 1.2606
3644.7 2.698
3645.7 1.5397
3646.8 0.64624
3647.8 5.9222
3648.8 1.5334
3649.8 1.643
3650.9 1.4881
3651.9 3.8166
3652.9 -1.828
3653.9 -0.80424
3655 2.7991
3656 1.4149
3657 1.531
3658 2.5545
3659.1 3.6
3660.1 -1.1813
3661.1 4.1992
3662.1 2.9259
3663.1 4.315
3664.2 4.5623
3665.2 0.88538
3666.2 2.9384
3667.2 1.9441
3668.3 0.23127
3669.3 1.2553
3670.3 2.2866
3671.3 0.61998
3672.4 -0.77536
3673.4 3.3314
3674.4 2.1326
3675.4 1.7399
3676.4 2.2844
3677.5 1.4224
3678.5 0.17812
3679.5 1.0399
3680.5 -1.251
3681.6 0.65222
3682.6 2.9555
3683.6 2.1815
3684.6 0.91014
3685.7 0.46215
3686.7 -0.5978
3687.7 2.1654
3688.7 2.5398
3689.7 1.6347
3690.8 5.7715
3691.8 2.9973
3692.8 3.8197
3693.8 0.11812
3694.9 1.9244
3695.9 2.9462
3696.9 1.6468
3697.9 3.1052
3698.9 1.9614
3700 2.4878
3701 2.1719
3702 4.1381
3703 2.6261
3704.1 1.8886
3705.1 3.232
3706.1 1.3563
3707.1 2.8882
3708.1 1.2601
3709.2 5.4997
3710.2 1.4555
3711.2 5.6355
3712.2 4.079
3713.3 0.61051
3714.3 -0.903
3715.3 1.2568
3716.3 3.1715
3717.3 1.947
3718.4 0.45325
3719.4 2.5156
3720.4 1.1726
3721.4 0.33491
3722.4 3.4187
3723.5 4.4542
3724.5 -1.187
3725.5 0.81314
3726.5 1.5776
3727.5 0.4407
3728.6 2.7217
3729.6 2.0326
3730.6 -0.30103
3731.6 1.6033
3732.7 0.6653
3733.7 1.7339
3734.7 2.8973
3735.7 -0.36494
3736.7 1.374
3737.8 1.0144
3738.8 3.6716
3739.8 0.47973
3740.8 2.5154
3741.8 1.6308
3742.9 0.82569
3743.9 0.13714
3744.9 1.9117
3745.9 -0.44507
3746.9 2.0581
3748 0.67073
3749 0.56127
3750 2.5225
3751 1.3781
3752 3.3104
3753.1 0.62913
3754.1 3.6652
3755.1 2.7848
3756.1 2.8938
3757.1 1.5551
3758.2 0.094787
3759.2 2.0167
3760.2 0.072089
3761.2 2.7719
3762.2 3.3784
3763.3 0.64543
3764.3 3.0819
3765.3 1.2469
3766.3 1.6263
3767.3 3.1243
3768.4 -0.40723
3769.4 0.35917
3770.4 2.8018
3771.4 0.85357
3772.4 -0.85439
3773.5 0.033911
3774.5 1.4057
3775.5 0.819
3776.5 -0.4565
3777.5 4.8858
3778.5 4.1344
3779.6 4.191
3780.6 5.2838
3781.6 -0.03903
3782.6 5.1061
3783.6 3.4652
3784.7 1.832
3785.7 2.0407
3786.7 1.2984
3787.7 2.1871
3788.7 1.8395
3789.8 3.1542
3790.8 1.8881
3791.8 -0.016547
3792.8 1.6932
3793.8 0.43584
3794.8 1.1696
3795.9 2.6256
3796.9 0.59865
3797.9 1.6231
3798.9 3.1577
3799.9 0.067163
3800.9 3.3363
3802 1.7218
3803 2.9322
3804 2.0435
3805 -0.37565
3806 2.4635
3807.1 1.5205
3808.1 0.92252
3809.1 2.2002
3810.1 1.3837
3811.1 0.13884
3812.1 2.354
3813.2 3.274
3814.2 -0.52141
3815.2 1.9284
3816.2 -0.64427
3817.2 0.19269
3818.2 1.4396
3819.3 0.12495
3820.3 1.9652
3821.3 2.2766
3822.3 0.63159
3823.3 2.9495
3824.3 1.2404
3825.4 2.8591
3826.4 2.5456
3827.4 1.4213
3828.4 0.63381
3829.4 1.3891
3830.4 -0.18339
3831.5 1.1823
3832.5 0.77089
3833.5 1.1746
3834.5 0.64226
3835.5 1.5922
3836.5 0.065706
3837.6 0.13364
3838.6 1.3363
3839.6 0.32357
3840.6 1.3959
3841.6 0.6101
3842.6 1.4387
3843.7 -0.51348
3844.7 2.1061
3845.7 2.156
3846.7 1.6259
3847.7 -0.2535
3848.7 1.6255
3849.8 3.0172
3850.8 1.0833
3851.8 0.44078
3852.8 3.022
3853.8 2.1674
3854.8 0.11337
3855.8 0.48338
3856.9 3.3012
3857.9 -1.0075
3858.9 2.4006
3859.9 1.7613
3860.9 1.5914
3861.9 1.7265
3863 3.6092
3864 3.335
3865 3.9327
3866 1.4489
3867 2.4742
3868 0.37384
3869 0.68481
3870.1 -0.777
3871.1 1.205
3872.1 2.3514
3873.1 1.5258
3874.1 0.87884
3875.1 0.078772
3876.1 1.2862
3877.2 2.6486
3878.2 0.98558
3879.2 2.2253
3880.2 1.7944
3881.2 -0.66314
3882.2 1.1895
3883.2 2.0303
3884.3 -0.057534
3885.3 1.3615
3886.3 0.4634
3887.3 -0.10128
3888.3 2.0521
3889.3 -0.92684
3890.3 1.849
3891.4 1.928
3892.4 1.3691
3893.4 0.42575
3894.4 1.9989
3895.4 0.5461
3896.4 1.3426
3897.4 1.4098
3898.4 1.4716
3899.5 1.8487
3900.5 0.48401
3901.5 1.3817
3902.5 0.85861
3903.5 1.4864
3904.5 1.9711
3905.5 -1.1481
3906.5 0.60432
3907.6 3.5365
3908.6 0.97185
3909.6 0.96751
3910.6 0.60126
3911.6 0.52213
3912.6 0.2989
3913.6 -0.10928
3914.6 2.0431
3915.7 -0.066594
3916.7 1.643
3917.7 -0.92334
3918.7 1.597
3919.7 0.37338
3920.7 1.8759
3921.7 2.2906
3922.7 -0.044085
3923.8 2.3812
3924.8 1.5849
3925.8 0.88262
3926.8 1.7129
3927.8 1.4911
3928.8 1.4983
3929.8 0.78773
3930.8 0.0091339
3931.8 0.43365
3932.9 0.48169
3933.9 2.2828
3934.9 2.1078
3935.9 1.5129
3936.9 1.1537
3937.9 0.49156
3938.9 0.62301
3939.9 0.47797
3941 0.84684
3942 0.78373
3943 1.4057
3944 0.54664
3945 -1.4685
3946 0.73589
3947 1.5572
3948 1.2449
3949 3.1267
3950 1.7711
3951.1 0.61579
3952.1 3.0596
3953.1 1.2543
3954.1 1.5635
3955.1 -0.25193
3956.1 1.4407
3957.1 2.6385
3958.1 2.386
3959.1 0.43073
3960.1 1.1647
3961.2 0.76405
3962.2 -0.29456
3963.2 2.3298
3964.2 0.26252
3965.2 1.0887
3966.2 0.33536
3967.2 1.1601
3968.2 1.547
3969.2 2.4425
3970.2 0.98715
3971.3 2.9063
3972.3 2.1542
3973.3 1.7288
3974.3 1.4438
3975.3 0.30967
3976.3 0.17781
3977.3 1.6482
3978.3 0.37995
3979.3 2.0795
3980.3 3.2913
3981.3 1.0942
3982.4 -2.0595
3983.4 1.2144
3984.4 1.0896
3985.4 1.2077
3986.4 2.6054
3987.4 2.5883
3988.4 1.1047
3989.4 0.95433
3990.4 1.3588
3991.4 2.5166
3992.4 3.4187
3993.4 2.6894
3994.4 0.46938
3995.5 0.77147
3996.5 1.4331
3997.5 1.0984
3998.5 1.9831
3999.5 -1.2148
4000.5 2.0351
4001.5 0.96927
4002.5 1.504
4003.5 2.799
4004.5 1.6865
4005.5 0.45269
4006.5 0.22533
4007.5 1.2809
4008.6 1.3792
4009.6 2.3852
4010.6 1.9704
4011.6 0.68881
4012.6 0.2476
4013.6 0.11178
4014.6 3.9385
4015.6 1.5702
4016.6 0.24585
4017.6 1.0275
4018.6 1.6547
4019.6 2.0634
4020.6 0.31207
4021.6 1.3037
4022.6 1.1385
4023.7 2.2935
4024.7 3.2408
4025.7 1.6026
4026.7 -0.09734
4027.7 1.3976
4028.7 0.50283
4029.7 3.2688
4030.7 0.55075
4031.7 1.8859
4032.7 2.1562
4033.7 -0.55025
4034.7 -0.050862
4035.7 0.030171
4036.7 2.002
4037.7 2.6204
4038.7 1.4495
4039.7 0.90138
4040.8 2.0557
4041.8 1.7559
4042.8 1.1792
4043.8 2.7826
4044.8 1.1538
4045.8 1.2406
4046.8 0.8519
4047.8 0.12833
4048.8 2.2621
4049.8 2.4321
4050.8 0.18273
4051.8 4.2881
4052.8 0.51315
4053.8 2.2611
4054.8 1.165
4055.8 2.2651
4056.8 3.5469
4057.8 0.56452
4058.8 3.1626
4059.8 1.6839
4060.8 0.87739
4061.8 0.2201
4062.8 3.4764
4063.9 1.076
4064.9 -0.118
4065.9 1.1247
4066.9 1.6136
4067.9 0.0036457
4068.9 2.762
4069.9 0.68718
4070.9 2.3568
4071.9 0.72567
4072.9 1.5342
4073.9 1.6285
4074.9 3.758
4075.9 4.3194
4076.9 1.565
4077.9 0.70542
4078.9 1.0355
4079.9 2.4916
4080.9 -0.32902
4081.9 0.73384
4082.9 0.86046
4083.9 -0.0025049
4084.9 2.942
4085.9 4.5729
4086.9 1.5587
4087.9 -0.12128
4088.9 0.88957
4089.9 1.2484
4090.9 -0.095783
4091.9 -0.70769
4092.9 2.7936
4093.9 1.9028
4094.9 0.34262
4095.9 1.8575
4096.9 -0.097741
4097.9 1.1413
4098.9 -0.36343
4099.9 1.9631
4100.9 0.65591
4101.9 0.91298
4102.9 3.9621
4103.9 1.6214
4104.9 0.24561
4106 -0.30231
4107 0.13266
4108 0.86266
4109 0.98649
4110 0.60486
4111 1.8786
4112 -0.33929
4113 0.90244
4114 -0.24085
4115 1.9495
4116 2.279
4117 1.3592
4118 1.4639
4119 2.9788
4120 2.9316
4121 0.010716
4122 2.1579
4123 3.2591
4124 0.61351
4125 0.67519
4126 2.2961
4127 2.016
4128 1.0578
4129 2.5921
4130 0.46753
4131 0.61313
4132 2.2677
4133 1.0987
4134 2.943
4135 0.26311
4135.9 2.127
4136.9 1.8941
4137.9 2.2315
4138.9 1.9804
4139.9 0.6469
4140.9 0.45959
4141.9 2.9766
4142.9 1.6648
4143.9 2.597
4144.9 1.3631
4145.9 1.3228
4146.9 0.81138
4147.9 2.8042
4148.9 1.9585
4149.9 2.2825
4150.9 2.2534
4151.9 0.23123
4152.9 3.7497
4153.9 1.6773
4154.9 1.4722
4155.9 0.29969
4156.9 1.7776
4157.9 1.6791
4158.9 1.4882
4159.9 -0.28015
4160.9 0.98599
4161.9 1.9899
4162.9 1.086
4163.9 4.1443
4164.9 1.9947
4165.9 3.5459
4166.9 1.2583
4167.9 1.4377
4168.9 1.7857
4169.9 0.82227
4170.9 1.7981
4171.9 4.4282
4172.9 0.39552
4173.9 1.5457
4174.9 0.81248
4175.9 1.0817
4176.8 2.8559
4177.8 0.9703
4178.8 3.1453
4179.8 1.2058
4180.8 -0.57357
4181.8 1.0271
4182.8 1.7526
4183.8 1.0901
4184.8 -0.32871
4185.8 1.9485
4186.8 1.3653
4187.8 0.46255
4188.8 -0.83759
4189.8 0.67116
4190.8 3.1185
4191.8 0.65975
4192.8 -0.46
4193.8 1.5866
4194.8 1.974
4195.8 1.1712
4196.8 0.41315
4197.8 3.024
4198.7 1.0525
4199.7 2.1843
4200.7 2.5361
4201.7 0.073205
4202.7 1.4817
4203.7 -0.0082092
4204.7 -0.19348
4205.7 2.4879
4206.7 2.6041
4207.7 1.8512
4208.7 1.0186
4209.7 1.5375
4210.7 2.2016
4211.7 1.7035
4212.7 -0.02345
4213.7 1.6947
4214.6 2.3395
4215.6 2.1489
4216.6 2.5427
4217.6 1.368
4218.6 1.8471
4219.6 0.41475
4220.6 2.6625
4221.6 3.1555
4222.6 0.86704
4223.6 0.55306
4224.6 0.32696
4225.6 1.828
4226.6 0.0078762
4227.6 1.0004
4228.5 0.45372
4229.5 2.4854
4230.5 2.1903
4231.5 1.5234
4232.5 0.38622
4233.5 3.0831
4234.5 2.7822
4235.5 1.8996
4236.5 2.3775
4237.5 0.86275
4238.5 2.0317
4239.5 2.9782
4240.5 1.3608
4241.4 0.88432
4242.4 2.1101
4243.4 0.90506
4244.4 1.6273
4245.4 -0.17551
4246.4 1.0387
4247.4 1.8754
4248.4 2.9872
4249.4 1.2455
4250.4 0.8976
4251.4 0.53554
4252.3 0.68189
4253.3 1.3547
4254.3 0.60855
4255.3 2.7194
4256.3 2.5145
4257.3 0.98839
4258.3 1.588
4259.3 -0.84837
4260.3 1.5351
4261.3 1.2816
4262.2 1.682
4263.2 0.36226
4264.2 0.16745
4265.2 1.3965
4266.2 1.7237
4267.2 -0.094699
4268.2 1.7879
4269.2 -0.1901
4270.2 0.9283
4271.1 1.3782
4272.1 0.52199
4273.1 1.0362
4274.1 1.0092
4275.1 1.7233
4276.1 0.066014
4277.1 1.9587
4278.1 1.1
4279.1 2.0196
4280 2.1113
4281 3.3553
4282 0.32675
4283 2.4805
4284 -1.1482
4285 1.3413
4286 1.4008
4287 2.1918
4288 0.61946
4288.9 0.53017
4289.9 0.48834
4290.9 3.4891
4291.9 3.8938
4292.9 1.1377
4293.9 1.7075
4294.9 1.0333
4295.9 2.8507
4296.8 1.1805
4297.8 0.47466
4298.8 0.54673
4299.8 -0.31638
4300.8 1.161
4301.8 0.94279
4302.8 0.83919
4303.7 0.13648
4304.7 1.7256
4305.7 1.8678
4306.7 2.1717
4307.7 -0.247
4308.7 0.076322
4309.7 0.93852
4310.7 2.0146
4311.6 2.7543
4312.6 1.1543
4313.6 1.1661
4314.6 -0.066901
4315.6 3.12
4316.6 2.6127
4317.5 0.98383
4318.5 0.19356
4319.5 5.4868
4320.5 1.9054
4321.5 0.60219
4322.5 2.8378
4323.5 2.2439
4324.4 1.3135
4325.4 1.121
4326.4 1.0201
4327.4 1.5421
4328.4 0.14186
4329.4 -0.42579
4330.4 0.60761
4331.3 1.5268
4332.3 0.98887
4333.3 1.1885
4334.3 1.1225
4335.3 1.4
4336.3 0.48123
4337.2 0.93065
4338.2 1.169
4339.2 2.9188
4340.2 -0.47787
4341.2 3.8441
4342.2 3.4248
4343.1 -0.72234
4344.1 3.5302
4345.1 -2.2315
4346.1 1.773
4347.1 -0.98184
4348.1 -0.10038
4349 2.7919
4350.7 1.8227
4352 2.0974
4353.4 3.039
4354.7 6.5471
4356 0.21293
4357.4 2.3651
4358.7 -0.93891
4360.1 1.4263
4361.4 -0.9121
4362.7 3.3786
4364.1 -0.028763
4365.4 3.0694
4366.7 0.91486
4368.1 0.62561
4369.4 0.91905
4370.7 1.2421
4372.1 1.7824
4373.4 1.9847
4374.8 2.8364
4376.1 2.0888
4377.4 -0.88522
4378.8 2.7555
4380.1 4.3145
4381.4 3.083
4382.8 2.0859
4384.1 2.2941
4385.5 0.74512
4386.8 3.6429
4388.1 1.6581
4389.5 -2.1333
4390.8 4.7596
4392.1 0.49411
4393.5 2.0617
4394.8 2.0933
4396.1 5.7225
4397.5 4.5353
4398.8 -1.7193
4400.2 1.5578
4401.5 2.7077
4402.8 -0.9823
4404.2 2.3807
4405.5 0.93328
4406.8 2.1962
4408.2 2.9328
4409.5 3.3993
4410.8 2.9006
4412.2 -2.0201
4413.5 0.26554
4414.9 2.9878
4416.2 5.4796
4417.5 2.8464
4418.9 0.7368
4420.2 0.59443
4421.5 3.1318
4422.9 3.4706
4424.2 4.7572
4425.5 2.1689
4426.9 1.1494
4428.2 1.9158
4429.6 2.5711
4430.9 2.1189
4432.2 5.5477
4433.6 1.9373
4434.9 2.203
4436.2 1.3512
4437.6 0.15581
4438.9 1.9033
4440.2 4.7018
4441.6 1.3355
4442.9 -0.11426
4444.3 3.2144
4445.6 -0.1373
4446.9 2.764
4448.3 1.2191
4449.6 0.81147
4450.9 4.2413
4452.3 0.10118
4453.6 1.1659
4454.9 2.2281
4456.3 4.0031
4457.6 1.2514
4459 0.22157
4460.3 0.72859
4461.6 3.1781
4463 3.5295
4464.3 0.089877
4465.6 2.9055
4467 -0.52433
4468.3 0.7053
4469.6 1.1111
4471 0.55006
4472.3 4.9478
4473.6 3.9298
4475 -0.66121
4476.3 1.6531
4477.7 2.5266
4479 0.57299
4480.3 -0.72456
4481.7 -0.43165
4483 2.8339
4484.3 1.6452
4485.7 2.3104
4487 1.5102
4488.3 1.6308
4489.7 3.0726
4491 3.8191
4492.3 2.8685
4493.7 1.3442
4495 -0.71728
4496.4 0.85123
4497.7 1.3461
4499 -0.11627
4500.4 1.2391
4501.7 1.0061
4503 2.7906
4504.4 -1.0247
4505.7 3.3958
4507 -0.4805
4508.4 -0.22214
4509.7 0.3474
4511 0.97852
4512.4 -0.75525
4513.7 4.2431
4515 3.9644
4516.4 1.777
4517.7 2.2639
4519 0.92204
4520.4 1.9613
4521.7 2.8231
4523.1 1.2643
4524.4 4.4143
4525.7 0.71483
4527.1 -0.33296
4528.4 2.1789
4529.7 2.0414
4531.1 0.72031
4532.4 4.6453
4533.7 0.8689
4535.1 1.3428
4536.4 4.0572
4537.7 0.29079
4539.1 0.97772
4540.4 4.1266
4541.7 0.42724
4543.1 2.9868
4544.4 3.9293
4545.7 4.0715
4547.1 4.0345
4548.4 4.3388
4549.7 0.17078
4551.1 2.9506
4552.4 2.1038
4553.7 -0.78282
4555.1 -0.99511
4556.4 2.1006
4557.8 0.4653
4559.1 2.4344
4560.4 3.8466
4561.8 0.7149
4563.1 2.8266
4564.4 2.9667
4565.8 2.0145
4567.1 4.2839
4568.4 1.3626
4569.8 2.659
4571.1 1.7793
4572.4 1.6924
4573.8 0.7016
4575.1 5.1004
4576.4 2.9133
4577.8 4.1521
4579.1 2.4029
4580.4 1.0006
4581.8 0.48957
4583.1 -0.1562
4584.4 4.3692
4585.8 1.9829
4587.1 3.4953
4588.4 2.7343
4589.8 1.5505
4591.1 2.5438
4592.4 0.64816
4593.8 3.3803
4595.1 -0.0037243
4596.4 -0.18818
4597.8 3.5154
4599.1 2.1696
4600.4 0.56075
4601.8 2.5987
4603.1 1.8319
4604.4 2.1488
4605.8 2.2771
4607.1 1.4784
4608.4 4.873
4609.8 1.8047
4611.1 0.87793
4612.4 2.661
4613.8 2.0779
4615.1 2.8101
4616.4 1.1976
4617.8 3.2321
4619.1 1.9587
4620.4 0.31785
4621.7 2.3756
4623.1 1.3265
4624.4 3.6109
4625.7 4.1022
4627.1 3.1055
4628.4 -1.1328
4629.7 1.8817
4631.1 2.7782
4632.4 2.5297
4633.7 -0.41275
4635.1 2.7435
4636.4 3.0461
4637.7 4.323
4639.1 -1.8204
4640.4 0.6153
4641.7 0.54507
4643.1 4.484
4644.4 1.8512
4645.7 0.90896
4647.1 0.14992
4648.4 2.5778
4649.7 2.7839
4651.1 2.895
4652.4 0.052438
4653.7 1.6289
4655 -0.02703
4656.4 2.6613
4657.7 4.8362
4659 1.9248
4660.4 0.045741
4661.7 2.8635
4663 1.6313
4664.4 1.667
4665.7 1.2715
4667 2.4431
4668.4 2.5755
4669.7 1.9962
4671 2.9856
4672.4 3.0452
4673.7 1.3796
4675 3.8961
4676.3 3.3698
4677.7 4.3913
4679 5.8675
4680.3 3.5927
4681.7 1.5536
4683 0.083632
4684.3 -0.75194
4685.7 3.8491
4687 1.0649
4688.3 1.9835
4689.6 3.572
4691 1.8368
4692.3 1.8697
4693.6 4.577
4695 1.603
4696.3 1.0811
4697.6 2.4019
4699 4.8576
4700.3 2.15
4701.6 4.2843
4702.9 5.6246
4704.3 0.84619
4705.6 1.3849
4706.9 0.56644
4708.3 1.71
4709.6 1.2243
4710.9 1.987
4712.3 2.9942
4713.6 2.9018
4714.9 2.57
4716.2 1.0172
4717.6 1.775
4718.9 1.2879
4720.2 2.5718
4721.6 0.86392
4722.9 3.2062
4724.2 1.9296
4725.5 4.4768
4726.9 2.3688
4728.2 1.0349
4729.5 1.0164
4730.9 5.067
4732.2 0.22922
4733.5 0.68787
4734.8 4.512
4736.2 3.6011
4737.5 -0.9135
4738.8 1.2252
4740.2 4.0018
4741.5 1.6206
4742.8 0.41113
4744.1 2.6941
4745.5 2.5651
4746.8 2.5996
4748.1 2.623
4749.5 1.8931
4750.8 0.86522
4752.1 1.5509
4753.4 0.54989
4754.8 1.1642
4756.1 -0.081351
4757.4 0.35398
4758.7 0.82239
4760.1 1.0613
4761.4 2.1293
4762.7 2.8988
4764.1 -0.2414
4765.4 2.7464
4766.7 2.394
4768 0.63511
4769.4 1.3999
4770.7 1.5542
4772 2.6297
4773.3 2.4014
4774.7 1.9706
4776 3.8348
4777.3 0.91945
4778.7 0.89957
4780 2.2387
4781.3 1.3278
4782.6 2.4381
4784 2.076
4785.3 1.5289
4786.6 3.1064
4787.9 2.0079
4789.3 2.587
4790.6 2.1459
4791.9 3.3115
4793.2 3.2306
4794.6 1.7184
4795.9 2.0735
4797.2 1.5557
4798.5 4.5169
4799.9 3.7303
4801.2 5.9643
4802.5 2.8088
4803.8 2.865
4805.2 3.6453
4806.5 3.2708
4807.8 3.3502
4809.1 2.8377
4810.5 3.8348
4811.8 1.5221
4813.1 1.309
4814.5 3.4585
4815.8 3.4027
4817.1 1.111
4818.4 2.023
4819.7 3.6507
4821.1 3.1392
4822.4 3.5529
4823.7 1.8012
4825 2.59
4826.4 5.8548
4827.7 1.7404
4829 2.8015
4830.3 0.79017
4831.7 1.3805
4833 1.3337
4834.3 -0.58607
4835.6 1.6289
4837 2.2976
4838.3 1.6207
4839.6 1.0669
4840.9 3.7033
4842.3 -0.083852
4843.6 1.8242
4844.9 2.8704
4846.2 2.939
4847.6 0.98531
4848.9 3.2044
4850.2 1.4703
4851.5 1.48
4852.8 2.9767
4854.2 2.1493
4855.5 2.1275
4856.8 2.9814
4858.1 3.0111
4859.5 3.3372
4860.8 1.3114
4862.1 2.566
4863.4 1.2956
4864.7 2.9393
4866.1 2.6944
4867.4 2.0958
4868.7 2.2907
4870 3.0058
4871.4 1.8735
4872.7 1.2911
4874 2.1381
4875.3 2.456
4876.6 1.6278
4878 3.7786
4879.3 3.4476
4880.6 0.73378
4881.9 4.6741
4883.3 2.7119
4884.6 0.65335
4885.9 1.5412
4887.2 1.8789
4888.5 2.9647
4889.9 1.1031
4891.2 3.9466
4892.5 1.7263
4893.8 1.7773
4895.1 1.9372
4896.5 1.5303
4897.8 -0.7411
4899.1 1.0907
4900.4 3.8504
4901.7 0.15061
4903.1 1.4027
4904.4 4.4651
4905.7 2.8539
4907 1.658
4908.3 3.6657
4909.7 1.9163
4911 3.5589
4912.3 1.3706
4913.6 2.9828
4914.9 2.6836
4916.3 0.49145
4917.6 2.7531
4918.9 2.9083
4920.2 1.4738
4921.5 3.271
4922.9 0.85151
4924.2 1.2707
4925.5 1.3843
4926.8 0.55346
4928.1 2.5244
4929.5 -0.34811
4930.8 3.4639
4932.1 2.7507
4933.4 2.4437
4934.7 1.9893
4936 3.3918
4937.4 4.1137
4938.7 0.98967
4940 1.6233
4941.3 2.7934
4942.6 1.0954
4944 1.9051
4945.3 2.0509
4946.6 2.1668
4947.9 3.6538
4949.2 3.3316
4950.5 2.609
4951.9 0.17101
4953.2 2.5312
4954.5 3.6351
4955.8 2.5477
4957.1 3.072
4958.4 4.0246
4959.8 3.244
4961.1 2.6725
4962.4 3.6849
4963.7 3.8336
4965 3.5588
4966.3 2.4449
4967.7 1.0053
4969 1.8438
4970.3 2.6205
4971.6 1.8383
4972.9 3.5274
4974.2 3.071
4975.6 2.1416
4976.9 2.3611
4978.2 2.9459
4979.5 1.6993
4980.8 1.8539
4982.1 3.8234
4983.5 2.7851
4984.8 3.1889
4986.1 2.1719
4987.4 3.9435
4988.7 0.035871
4990 1.8267
4991.3 3.4383
4992.7 1.6762
4994 1.8381
4995.3 2.4251
4996.6 1.9005
4997.9 2.2867
4999.2 -0.6755
5000.5 2.878
5001.9 1.8531
5003.2 1.7394
5004.5 2.0747
5005.8 1.702
5007.1 2.1199
5008.4 5.3279
5009.7 4.8669
5011.1 2.0466
5012.4 1.6272
5013.7 1.6783
5015 3.7284
5016.3 3.8422
5017.6 3.1467
5018.9 2.4711
5020.2 -0.4474
5021.5 1.6898
5022.9 2.8362
5024.2 2.4797
5025.5 0.84546
5026.8 0.33923
5028.1 2.3067
5029.4 2.4957
5030.7 3.7176
5032 1.2243
5033.3 4.0605
5034.6 2.5297
5035.9 3.0954
5037.3 2.8175
5038.6 3.2747
5039.9 1.555
5041.2 0.48704
5042.5 2.8232
5043.8 2.5034
5045.1 2.3589
5046.4 3.594
5047.7 2.2863
5049 1.9443
5050.3 2.5193
5051.6 0.17168
5052.9 3.1524
5054.2 2.6856
5055.6 2.7419
5056.9 0.69189
5058.2 0.92526
5059.5 3.6329
5060.8 2.294
5062.1 2.6519
5063.4 3.6051
5064.7 2.9289
5066 2.8316
5067.3 4.1001
5068.6 3.3272
5069.9 2.6914
5071.2 4.9173
5072.5 2.4088
5073.8 3.2595
5075.1 4.3639
5076.4 2.8949
5077.8 1.6437
5079.1 3.6501
5080.4 3.4166
5081.7 3.8831
5083 3.1459
5084.3 3.8667
5085.6 3.0046
5086.9 3.0385
5088.2 3.299
5089.5 1.2626
5090.8 2.082
5092.1 3.4627
5093.4 4.8033
5094.7 4.2702
5096 2.6869
5097.3 2.7443
5098.6 3.3001
5099.9 3.6818
5101.2 2.6855
5102.5 2.9431
5103.8 3.6845
5105.1 2.5905
5106.4 2.9715
5107.7 3.2513
5109 3.8982
5110.3 1.9045
5111.6 2.6914
5112.9 2.8572
5114.2 3.4926
5115.6 2.651
5116.9 2.4067
5118.2 2.1977
5119.5 3.1663
5120.8 2.2628
5122.1 4.3024
5123.4 2.4601
5124.7 4.8341
5126 2.3255
5127.3 3.3994
5128.6 1.7703
5129.9 4.0556
5131.2 2.7464
5132.5 4.8555
5133.8 2.8346
5135.1 4.3013
5136.4 3.86
5137.7 2.287
5139 2.2343
5140.3 3.1711
5141.6 4.7024
5142.9 3.259
5144.2 1.912
5145.5 2.7685
5146.8 3.5504
5148.1 2.1221
5149.4 3.7286
5150.7 2.6498
5152 2.1589
5153.3 1.7673
5154.6 2.2559
5155.9 1.9041
5157.2 3.5615
5158.5 1.4934
5159.8 3.9895
5161.1 2.8714
5162.4 1.9291
5163.6 4.0828
5164.9 4.9579
5166.2 3.1182
5167.5 3.7668
5168.8 1.3561
5170.1 2.3205
5171.4 3.9982
5172.7 3.4285
5174 2.7461
5175.3 2.4644
5176.6 3.2852
5177.9 2.8929
5179.2 4.1118
5180.5 3.735
5181.8 1.9456
5183.1 2.3429
5184.4 2.1277
5185.7 1.9058
5187 3.313
5188.3 2.2691
5189.6 2.7271
5190.9 1.0906
5192.2 4.9376
5193.5 4.0887
5194.8 1.9243
5196.1 3.7046
5197.4 4.0068
5198.7 3.6593
5199.9 3.0471
5201.2 3.7678
5202.5 3.0622
5203.8 1.087
5205.1 1.9419
5206.4 1.741
5207.7 3.3572
5209 4.803
5210.3 1.1204
5211.6 1.821
5212.9 4.2245
5214.2 2.5435
5215.5 1.4507
5216.8 0.98082
5218.1 4.5877
5219.4 2.8145
5220.6 3.5865
5221.9 1.7882
5223.2 2.8124
5224.5 2.9028
5225.8 0.98668
5227.1 4.2929
5228.4 2.8078
5229.7 4.1164
5231 2.8222
5232.3 3.0635
5233.6 3.919
5234.9 2.5899
5236.2 3.2304
5237.4 2.4559
5238.7 1.4555
5240 1.4114
5241.3 1.1473
5242.6 2.6424
5243.9 1.9208
5245.2 2.4378
5246.5 3.2481
5247.8 2.5058
5249.1 1.8491
5250.4 1.6832
5251.6 3.5743
5252.9 1.8331
5254.2 2.8824
5255.5 1.8187
5256.8 3.5222
5258.1 2.1467
5259.4 2.3303
5260.7 0.88412
5262 3.0551
5263.3 2.2068
5264.5 4.0751
5265.8 1.7793
5267.1 1.7813
5268.4 1.5745
5269.7 3.2086
5271 2.7187
5272.3 5.1067
5273.6 0.50928
5274.8 3.4504
5276.1 2.4353
5277.4 0.83319
5278.7 4.1356
5280 2.0982
5281.3 3.2295
5282.6 2.064
5283.9 3.088
5285.1 1.7953
5286.4 2.338
5287.7 1.5962
5289 2.5127
5290.3 2.8925
5291.6 2.9987
5292.9 3.6566
5294.2 2.9193
5295.4 2.7719
5296.7 2.8265
5298 2.5405
5299.3 3.4977
5300.6 4.8315
5301.9 3.2593
5303.2 2.9981
5304.4 2.5099
5305.7 1.8295
5307 4.8893
5308.3 2.3508
5309.6 2.1862
5310.9 2.1979
5312.1 2.112
5313.4 3.7297
5314.7 1.2717
5316 3.3507
5317.3 2.7988
5318.6 2.4763
5319.9 2.3472
5321.1 2.9766
5322.4 3.4962
5323.7 3.1814
5325 2.075
5326.3 2.9504
5327.6 0.50602
5328.8 3.9773
5330.1 2.4691
5331.4 3.1997
5332.7 3.3878
5334 2.3726
5335.2 3.97
5336.5 3.0984
5337.8 3.4538
5339.1 3.0987
5340.4 1.2632
5341.7 3.7594
5342.9 2.1273
5344.2 2.2967
5345.5 1.2957
5346.8 2.8751
5348.1 3.2333
5349.3 4.5566
5350.6 2.2216
5351.9 2.1386
5353.2 2.8039
5354.5 2.4406
5355.7 3.0088
5357 2.5565
5358.3 3.0124
5359.6 2.4139
5360.9 2.3149
5362.1 1.9777
5363.4 3.2849
5364.7 3.8909
5366 2.6404
5367.3 3.9412
5368.5 2.4933
5369.8 2.4954
5371.1 2.4007
5372.4 2.774
5373.7 2.5381
5374.9 1.4921
5376.2 3.3017
5377.5 2.4454
5378.8 2.1276
5380 1.7863
5381.3 3.1584
5382.6 1.7641
5383.9 2.4073
5385.2 4.1223
5386.4 0.74388
5387.7 2.6096
5389 3.3157
5390.3 2.6513
5391.5 2.2835
5392.8 2.3145
5394.1 2.5503
5395.4 3.4998
5396.6 3.3049
5397.9 3.2091
5399.2 1.6816
5400.5 1.9539
5401.7 4.0434
5403 2.7413
5404.3 3.2906
5405.6 1.4599
5406.8 3.2019
5408.1 1.1957
5409.4 4.2022
5410.7 3.5219
5411.9 2.8529
5413.2 2.4328
5414.5 3.1166
5415.8 3.8302
5417 2.8868
5418.3 1.5881
5419.6 3.0365
5420.9 4.0578
5422.1 2.1316
5423.4 2.8134
5424.7 3.8735
5426 2.9525
5427.2 2.0526
5428.5 1.876
5429.8 2.2328
5431 2.1534
5432.3 1.6334
5433.6 1.6114
5434.9 1.6074
5436.1 3.4078
5437.4 2.8351
5438.7 3.4013
5440 1.6687
5441.2 2.2632
5442.5 2.7161
5443.8 1.6551
5445 1.7796
5446.3 3.1498
5447.6 2.9201
5448.8 1.7146
5450.1 1.9018
5451.4 1.7483
5452.7 1.135
5453.9 2.5323
5455.2 2.766
5456.5 3.8148
5457.7 2.6341
5459 2.1171
5460.3 3.9425
5461.5 2.4807
5462.8 3.0837
5464.1 1.7492
5465.4 1.0985
5466.6 1.8749
5467.9 1.4778
5469.2 2.9415
5470.4 2.3407
5471.7 3.0125
5473 2.5324
5474.2 3.0427
5475.5 3.3308
5476.8 3.4836
5478 2.6308
5479.3 3.32
5480.6 1.991
5481.8 1.4002
5483.1 2.4097
5484.4 1.6414
5485.6 2.612
5486.9 0.44273
5488.2 2.4383
5489.4 1.5639
5490.7 3.4518
5492 4.0676
5493.2 0.92403
5494.5 1.5772
5495.8 1.8008
5497 2.0278
5498.3 1.7154
5499.6 2.9417
5500.8 2.2897
5502.1 2.419
5503.3 2.5783
5504.6 0.44651
5505.9 2.8577
5507.1 1.4068
5508.4 1.127
5509.7 0.50306
5510.9 3.5346
5512.2 2.3522
5513.5 2.7172
5514.7 1.7836
5516 3.042
5517.2 1.312
5518.5 2.1436
5519.8 2.5421
5521 1.4591
5522.3 2.153
5523.6 2.1042
5524.8 1.2117
5526.1 1.7212
5527.3 2.7785
5528.6 2.0388
5529.9 0.4635
5531.1 1.5716
5532.4 3.1292
5533.7 3.1683
5534.9 1.5805
5536.2 2.1596
5537.4 2.2774
5538.7 4.2597
5540 2.5302
5541.2 2.3248
5542.5 3.7516
5543.7 2.6901
5545 2.6887
5546.3 1.9615
5547.5 1.2926
5548.8 1.9228
5550 3.121
5551.3 2.3134
5552.6 2.9608
5553.8 2.3723
5555.1 1.4929
5556.3 2.9051
5557.6 2.607
5558.8 1.848
5560.1 2.553
5561.4 1.1025
5562.6 2.2707
5563.9 3.2857
5565.1 3.8122
5566.4 1.6364
5567.6 2.5529
5568.9 1.4649
5570.2 1.7792
5571.4 3.0914
5572.7 3.1292
5573.9 3.2009
5575.2 -4.1503
5576.4 0.88723
5577.7 1.425
5579 9.1867
5580.2 0.018489
5581.5 3.4988
5582.7 2.0214
5584 0.048879
5585.2 1.1715
5586.5 2.0323
5587.7 3.1683
5589 3.3388
5590.2 3.6241
5591.5 2.8558
5592.8 0.93948
5594 2.8461
5595.3 2.7976
5596.5 1.6323
5597.8 3.2823
5599 1.0228
5600.3 1.0778
5601.5 2.3832
5602.8 2.1657
5604 1.2038
5605.3 1.8595
5606.5 1.5342
5607.8 0.47994
5609 2.1676
5610.3 1.8709
5611.5 1.7076
5612.8 1.7596
5614.1 0.81189
5615.3 2.618
5616.6 3.3853
5617.8 1.985
5619.1 4.1294
5620.3 2.8118
5621.6 2.9871
5622.8 2.0815
5624.1 2.8842
5625.3 4.8557
5626.6 3.5228
5627.8 1.4554
5629.1 1.8176
5630.3 2.1428
5631.6 3.0077
5632.8 3.4594
5634.1 1.4965
5635.3 1.287
5636.5 1.9708
5637.8 2.8264
5639 2.0577
5640.3 2.3886
5641.5 2.0761
5642.8 2.2876
5644 2.6656
5645.3 2.8914
5646.5 3.6706
5647.8 1.4134
5649 2.8619
5650.3 1.447
5651.5 1.3054
5652.8 2.478
5654 2.6918
5655.3 2.972
5656.5 4.3177
5657.8 1.2498
5659 2.7597
5660.2 1.179
5661.5 2.749
5662.7 1.5424
5664 1.4153
5665.2 2.5211
5666.5 1.4782
5667.7 1.0201
5669 4.2491
5670.2 3.6707
5671.4 4.0804
5672.7 1.0179
5673.9 1.7525
5675.2 0.78976
5676.4 2.8397
5677.7 2.3736
5678.9 2.378
5680.2 2.6481
5681.4 2.9393
5682.6 2.2539
5683.9 3.4205
5685.1 3.9645
5686.4 3.1936
5687.6 2.1176
5688.9 2.4034
5691.6 3.3216
5693.4 1.1595
5695.1 0.44602
5696.9 3.4829
5698.6 1.2852
5700.4 1.1264
5702.1 4.4654
5703.9 1.8384
5705.6 1.6496
5707.4 1.709
5709.1 1.899
5710.9 2.1604
5712.7 4.0161
5714.4 2.3304
5716.2 1.3706
5717.9 0.90301
5719.7 2.9717
5721.4 3.3339
5723.2 2.6814
5724.9 6.0191
5726.7 2.1761
5728.4 3.3127
5730.2 4.3281
5731.9 3.0137
5733.7 1.5375
5735.4 4.044
5737.2 -0.059897
5738.9 -1.0288
5740.7 4.0165
5742.5 2.6863
5744.2 2.6951
5746 4.8804
5747.7 2.3606
5749.5 5.7693
5751.2 2.8934
5753 3.1706
5754.7 2.0458
5756.5 0.70047
5758.2 0.49815
5760 1.7317
5761.7 3.7511
5763.5 4.1716
5765.2 3.7487
5767 2.4378
5768.8 1.7136
5770.5 0.12672
5772.3 3.0663
5774 1.7854
5775.8 5.1013
5777.5 4.4055
5779.3 2.395
5781 3.1603
5782.8 3.3608
5784.5 1.8878
5786.3 1.3804
5788 4.9636
5789.8 2.9861
5791.6 2.1578
5793.3 2.6993
5795.1 2.3351
5796.8 2.6274
5798.6 4.3547
5800.3 3.1574
5802.1 2.3673
5803.8 1.6096
5805.6 2.5304
5807.3 1.499
5809.1 3.1321
5810.8 2.9923
5812.6 3.5546
5814.4 3.9744
5816.1 4.5895
5817.9 2.4927
5819.6 2.7716
5821.4 1.1337
5823.1 2.2128
5824.9 3.7025
5826.6 2.5728
5828.4 4.182
5830.1 2.5627
5831.9 2.1389
5833.7 1.7632
5835.4 3.0152
5837.2 3.952
5838.9 2.0759
5840.7 0.52798
5842.4 1.8547
5844.2 3.7553
5845.9 0.11072
5847.7 4.2869
5849.4 1.6076
5851.2 1.3766
5852.9 3.7149
5854.7 0.49968
5856.5 3.9549
5858.2 3.3511
5860 2.3623
5861.7 2.0839
5863.5 4.8441
5865.2 2.0969
5867 0.10374
5868.7 2.801
5870.5 2.6751
5872.2 4.1522
5874 3.4304
5875.8 3.1291
5877.5 2.1433
5879.3 2.8403
5881 -1.5653
5882.8 -4.752
5884.5 0.28055
5886.3 0.52396
5888 1.3748
5889.8 1.7008
5891.5 2.5797
5893.3 2.718
5895.1 1.4701
5896.8 2.9961
5898.6 2.7318
5900.3 3.3069
5902.1 1.8512
5903.8 2.4325
5905.6 1.0523
5907.3 2.6746
5909.1 1.9915
5910.8 3.1462
5912.6 2.5984
5914.4 2.5499
5916.1 2.6093
5917.9 1.6033
5919.6 3.8151
5921.4 2.423
5923.1 3.1412
5924.9 2.227
5926.6 2.1769
5928.4 1.8104
5930.1 1.9257
5931.9 2.3266
5933.6 2.6479
5935.4 2.1903
5937.2 2.4974
5938.9 1.9051
5940.7 1.941
5942.4 2.4315
5944.2 3.944
5945.9 2.0494
5947.7 2.717
5949.4 2.8155
5951.2 3.2213
5952.9 2.7374
5954.7 3.3404
5956.5 2.5191
5958.2 1.5056
5960 2.2173
5961.7 2.7808
5963.5 2.3346
5965.2 1.9016
5967 3.5542
5968.7 3.2382
5970.5 3.2007
5972.2 1.6678
5974 2.5084
5975.8 1.7312
5977.5 2.7865
5979.3 3.1807
5981 1.6148
5982.8 2.4157
5984.5 1.6544
5986.3 2.8721
5988 2.3775
5989.8 2.2639
5991.5 2.2163
5993.3 2.0123
5995.1 1.1911
5996.8 2.8383
5998.6 3.4254
6000.3 3.7431
6002.1 3.087
6003.8 2.4349
6005.6 2.2558
6007.3 1.7297
6009.1 2.2393
6010.8 1.9933
6012.6 2.0664
6014.4 1.8936
6016.1 2.7912
6017.9 2.3388
6019.6 2.3674
6021.4 2.844
6023.1 1.9007
6024.9 2.5497
6026.6 3.2995
6028.4 1.9736
6030.1 1.3372
6031.9 2.4557
6033.6 1.7818
6035.4 2.7048
6037.2 3.2539
6038.9 2.1288
6040.7 1.9489
6042.4 2.9317
6044.2 2.2513
6045.9 2.3805
6047.7 3.8778
6049.4 2.303
6051.2 1.8876
6052.9 1.6053
6054.7 1.6261
6056.4 2.4315
6058.2 1.5592
6060 2.0001
6061.7 1.7584
6063.5 2.4372
6065.2 3.0804
6067 1.2159
6068.7 3.1278
6070.5 2.9527
6072.2 2.9593
6074 2.1989
6075.7 2.5064
6077.5 2.3851
6079.2 2.3796
6081 2.4505
6082.8 2.2326
6084.5 2.4653
6086.3 2.316
6088 2.3692
6089.8 2.8989
6091.5 1.8352
6093.3 1.7012
6095 2.4977
6096.8 2.874
6098.5 3.3364
6100.3 3.1136
6102 2.8821
6103.8 2.5002
6105.5 1.9803
6107.3 1.7191
6109.1 2.3265
6110.8 2.9901
6112.6 2.657
6114.3 1.9086
6116.1 2.9915
6117.8 2.152
6119.6 2.5598
6121.3 2.7476
6123.1 2.5484
6124.8 2.9791
6126.6 2.3728
6128.3 2.3445
6130.1 1.6154
6131.8 3.1006
6133.6 2.0182
6135.4 3.0012
6137.1 2.5731
6138.9 1.0011
6140.6 2.4334
6142.4 2.3469
6144.1 2.825
6145.9 3.2013
6147.6 3.224
6149.4 2.0007
6151.1 2.826
6152.9 1.9377
6154.6 2.4831
6156.4 1.9534
6158.1 3.1164
6159.9 2.0783
6161.6 2.8291
6163.4 1.7808
6165.1 2.0236
6166.9 1.8162
6168.7 1.9519
6170.4 3.3599
6172.2 2.6253
6173.9 2.5874
6175.7 2.1125
6177.4 2.0273
6179.2 2.4092
6180.9 1.7393
6182.7 2.7606
6184.4 2.2155
6186.2 3.7197
6187.9 2.4539
6189.7 2.2041
6191.4 2.2868
6193.2 2.1525
6194.9 3.0849
6196.7 2.7414
6198.4 1.8162
6200.2 2.5912
6201.9 3.4104
6203.7 2.7
6205.4 2.1095
6207.2 2.2583
6208.9 1.4892
6210.7 1.5556
6212.5 2.3402
6214.2 3.0015
6216 2.0663
6217.7 3.1969
6219.5 1.6345
6221.2 2.402
6223 2.3711
6224.7 2.1974
6226.5 2.7631
6228.2 1.1915
6230 2.6391
6231.7 1.5626
6233.5 2.8882
6235.2 3.3855
6237 2.4052
6238.7 1.7868
6240.5 2.8701
6242.2 1.4728
6244 2.1588
6245.7 1.8068
6247.5 2.6949
6249.2 1.5821
6251 2.14
6252.7 2.1176
6254.5 1.9982
6256.2 2.9203
6258 2.3311
6259.7 3.1841
6261.5 3.9228
6263.2 2.717
6265 1.093
6266.7 1.2397
6268.5 2.2078
6270.2 2.1916
6272 2.2074
6273.7 2.4783
6275.5 2.143
6277.2 1.437
6279 2.4014
6280.7 1.8214
6282.5 2.2211
6284.2 1.2923
6286 1.3165
6287.7 1.9616
6289.5 2.0216
6291.2 1.6217
6293 1.6778
6294.7 1.8806
6296.5 2.5166
6298.2 2.4699
6300 2.6969
6301.7 1.1605
6303.5 2.9125
6305.2 1.6994
6307 1.3412
6308.7 2.1823
6310.5 2.1913
6312.2 1.5855
6314 2.753
6315.7 2.9015
6317.5 2.4742
6319.2 2.3271
6321 2.0012
6322.7 2.706
6324.5 2.5041
6326.2 3.3123
6328 2.4965
6329.7 1.788
6331.5 2.1547
6333.2 2.4889
6335 2.5918
6336.7 2.427
6338.5 1.9201
6340.2 2.156
6342 3.0442
6343.7 2.3148
6345.5 3.0485
6347.2 2.7874
6348.9 2.3816
6350.7 2.2857
6352.4 1.7726
6354.2 1.1222
6355.9 1.0201
6357.7 1.9431
6359.4 1.9093
6361.2 1.9016
6362.9 1.6521
6364.7 2.5033
6366.4 1.8384
6368.2 2.0566
6369.9 2.9891
6371.7 2.6013
6373.4 1.7277
6375.2 2.1141
6376.9 2.6579
6378.7 1.7111
6380.4 1.8545
6382.2 2.6729
6383.9 3.5069
6385.6 5.397
6387.4 5.1935
6389.1 4.1384
6390.9 1.5917
6392.6 2.1602
6394.4 3.3028
6396.1 2.4152
6397.9 2.8002
6399.6 2.6528
6401.4 2.4346
6403.1 2.1999
6404.9 2.2487
6406.6 2.3069
6408.4 1.5436
6410.1 2.4435
6411.8 2.5357
6413.6 2.3571
6415.3 2.101
6417.1 2.8531
6418.8 2.401
6420.6 3.4313
6422.3 2.8309
6424.1 1.3852
6425.8 2.6036
6427.6 2.3608
6429.3 1.8477
6431.1 2.439
6432.8 2.3405
6434.5 1.8697
6436.3 2.5983
6438 1.7596
6439.8 2.1276
6441.5 2.5421
6443.3 2.4943
6445 4.0913
6446.8 7.6306
6448.5 12.68
6450.2 7.0741
6452 2.9176
6453.7 3.2084
6455.5 2.1978
6457.2 3.0419
6459 2.4916
6460.7 2.2625
6462.5 2.5597
6464.2 2.1979
6465.9 2.2244
6467.7 2.3669
6469.4 2.9438
6471.2 2.0271
6472.9 1.6545
6474.7 2.1613
6476.4 2.788
6478.2 2.3605
6479.9 2.2688
6481.6 2.3788
6483.4 2.1637
6485.1 2.3353
6486.9 1.9177
6488.6 1.9448
6490.4 1.3563
6492.1 2.3991
6493.8 2.3463
6495.6 2.3464
6497.3 2.073
6499.1 2.7127
6500.8 2.4362
6502.6 1.8067
6504.3 1.1246
6506 2.1026
6507.8 2.729
6509.5 2.4766
6511.3 2.7471
6513 2.8411
6514.8 2.5864
6516.5 2.3827
6518.2 2.3735
6520 2.0416
6521.7 2.2849
6523.5 1.73
6525.2 2.6466
6527 2.8564
6528.7 3.0575
6530.4 2.7612
6532.2 1.7428
6533.9 2.0757
6535.7 1.7421
6537.4 1.9605
6539.1 2.2561
6540.9 2.2958
6542.6 2.49
6544.4 2.4215
6546.1 2.6106
6547.8 2.3248
6549.6 2.1976
6551.3 3.2911
6553.1 1.9357
6554.8 2.7648
6556.6 2.3982
6558.3 2.9935
6560 2.3697
6561.8 3.3562
6563.5 2.9672
6565.3 2.7273
6567 2.283
6568.7 2.5989
6570.5 2.0587
6572.2 2.8794
6574 1.9536
6575.7 3.0949
6577.4 1.7474
6579.2 2.5453
6580.9 2.7376
6582.6 2.9946
6584.4 2.0621
6586.1 2.2244
6587.9 3.6089
6589.6 2.5844
6591.3 2.7728
6593.1 2.2846
6594.8 2.169
6596.6 2.67
6598.3 2.1834
6600 2.463
6601.8 2.9171
6603.5 2.9651
6605.3 2.952
6607 2.6111
6608.7 1.7189
6610.5 2.9643
6612.2 1.9579
6613.9 2.0632
6615.7 2.789
6617.4 2.2082
6619.2 1.8815
6620.9 2.0403
6622.6 2.6476
6624.4 2.5282
6626.1 2.4843
6627.8 2.8665
6629.6 1.751
6631.3 2.5255
6633.1 2.6209
6634.8 2.7645
6636.5 3.1388
6638.3 2.688
6640 2.9316
6641.7 2.7562
6643.5 2.4355
6645.2 2.8102
6646.9 2.0156
6648.7 2.3022
6650.4 2.3678
6652.2 2.7991
6653.9 2.2985
6655.6 2.3622
6657.4 3.0372
6659.1 2.2395
6660.8 1.554
6662.6 2.7868
6664.3 2.6644
6666 2.9149
6667.8 2.6437
6669.5 3.0593
6671.2 2.6697
6673 1.9753
6674.7 2.5976
6676.4 2.0177
6678.2 1.7134
6679.9 2.4056
6681.6 2.9835
6683.4 1.783
6685.1 2.0977
6686.9 2.5638
6688.6 2.0148
6690.3 2.2094
6692.1 2.6996
6693.8 2.3376
6695.5 3.0957
6697.3 2.1608
6699 2.6853
6700.7 2.687
6702.5 2.1356
6704.2 3.0834
6705.9 2.9388
6707.7 2.0938
6709.4 2.0691
6711.1 2.5239
6712.9 3.3251
6714.6 2.1387
6716.3 2.2807
6718 2.4364
6719.8 2.2887
6721.5 2.5756
6723.2 2.0721
6725 2.4885
6726.7 2.5436
6728.4 2.4168
6730.2 3.0122
6731.9 2.6955
6733.6 2.023
6735.4 2.2782
6737.1 2.2744
6738.8 2.2161
6740.6 2.424
6742.3 2.0023
6744 1.7288
6745.8 2.0682
6747.5 2.8239
6749.2 2.4005
6750.9 2.5557
6752.7 2.8591
6754.4 1.88
6756.1 2.2703
6757.9 2.7425
6759.6 1.8514
6761.3 2.8998
6763.1 1.9479
6764.8 2.8895
6766.5 2.9094
6768.2 2.6689
6770 3.0233
6771.7 2.3565
6773.4 2.5497
6775.2 2.396
6776.9 2.463
6778.6 2.8354
6780.3 2.3842
6782.1 2.5298
6783.8 2.5336
6785.5 2.5059
6787.3 2.5094
6789 2.676
6790.7 2.8871
6792.4 2.9727
6794.2 2.008
6795.9 2.4868
6797.6 2.7693
6799.4 2.7025
6801.1 2.3028
6802.8 2.3961
6804.5 3.3462
6806.3 2.8581
6808 2.613
6809.7 2.4846
6811.4 2.7905
6813.2 2.7889
6814.9 3.0626
6816.6 2.8547
6818.4 2.3097
6820.1 2.749
6821.8 2.7224
6823.5 2.6443
6825.3 2.2342
6827 2.7738
6828.7 2.1943
6830.4 2.5531
6832.2 2.1167
6833.9 1.2882
6835.6 1.9624
6837.3 2.2108
6839.1 1.6742
6840.8 2.0468
6842.5 2.941
6844.2 1.9492
6846 2.736
6847.7 2.2738
6849.4 2.4029
6851.1 2.6788
6852.9 1.9814
6854.6 2.4048
6856.3 3.155
6858 2.0057
6859.7 2.6393
6861.5 1.8346
6863.2 2.3274
6864.9 2.0954
6866.6 1.3894
6868.4 1.0669
6870.1 2.0429
6871.8 2.7545
6873.5 2.2106
6875.3 2.9397
6877 2.6029
6878.7 1.6399
6880.4 1.9053
6882.1 3.0319
6883.9 1.1814
6885.6 1.8745
6887.3 2.0092
6889 1.365
6890.8 3.0645
6892.5 1.9094
6894.2 2.0854
6895.9 1.8395
6897.6 1.7367
6899.4 1.9535
6901.1 2.3207
6902.8 1.9403
6904.5 2.526
6906.2 2.5465
6908 2.5663
6909.7 2.3494
6911.4 2.3073
6913.1 1.9903
6914.8 2.5741
6916.6 2.9059
6918.3 2.1987
6920 2.0496
6921.7 1.9877
6923.4 2.0851
6925.2 1.7796
6926.9 1.809
6928.6 2.2296
6930.3 2.4912
6932 2.1766
6933.8 1.6969
6935.5 1.8491
6937.2 2.5062
6938.9 2.0776
6940.6 1.737
6942.3 2.414
6944.1 2.3021
6945.8 2.3457
6947.5 2.0465
6949.2 2.1848
6950.9 2.133
6952.6 3.0009
6954.4 3.0164
6956.1 2.4182
6957.8 2.2902
6959.5 2.2597
6961.2 2.7194
6962.9 2.1142
6964.7 2.2876
6966.4 2.7361
6968.1 1.9981
6969.8 2.5142
6971.5 2.7074
6973.2 2.7343
6975 2.4209
6976.7 2.5983
6978.4 2.6827
6980.1 2.3942
6981.8 2.3291
6983.5 2.3838
6985.2 2.3112
6987 1.9826
6988.7 2.1962
6990.4 2.4332
6992.1 1.982
6993.8 1.8917
6995.5 2.4234
6997.2 2.2796
6999 2.4249
7000.7 2.6355
7002.4 2.3459
7004.1 2.1507
7005.8 2.2789
7007.5 2.811
7009.2 2.3306
7011 2.4755
7012.7 2.9623
7014.4 2.0984
7016.1 1.9643
7017.8 1.8592
7019.5 2.8827
7021.2 2.6054
7022.9 2.2874
7024.6 2.227
7026.4 1.4607
7028.1 2.7584
7029.8 2.7246
7031.5 2.2194
7033.2 2.0861
7034.9 2.6184
7036.6 2.2949
7038.3 2.4132
7040 2.6869
7041.8 2.0146
7043.5 1.7523
7045.2 2.6148
7046.9 2.9903
7048.6 2.7376
7050.3 2.2976
7052 1.6955
7053.7 2.688
7055.4 2.1696
7057.1 2.0996
7058.8 2.5359
7060.6 2.0295
7062.3 2.8558
7064 2.3399
7065.7 2.2857
7067.4 2.1266
7069.1 2.4113
7070.8 2.1247
7072.5 2.0168
7074.2 2.1572
7075.9 2.3521
7077.6 2.0357
7079.3 2.4144
7081.1 2.0816
7082.8 2.9735
7084.5 2.3796
7086.2 2.4802
7087.9 1.6312
7089.6 2.3146
7091.3 2.8627
7093 2.3254
7094.7 2.6929
7096.4 2.1953
7098.1 2.0218
7099.8 2.4286
7101.5 2.2358
7103.2 2.0221
7104.9 2.3009
7106.6 1.7216
7108.3 2.8222
7110 2.3762
7111.8 1.8211
7113.5 2.0328
7115.2 2.3835
7116.9 2.0016
7118.6 1.7045
7120.3 2.5212
7122 2.3703
7123.7 1.7673
7125.4 1.698
7127.1 2.1561
7128.8 2.079
7130.5 2.0983
7132.2 1.9088
7133.9 2.009
7135.6 2.451
7137.3 1.0954
7139 2.1576
7140.7 1.982
7142.4 2.6623
7144.1 1.6541
7145.8 2.2445
7147.5 2.2582
7149.2 2.1814
7150.9 1.9436
7152.6 1.9424
7154.3 2.3361
7156 1.3237
7157.7 2.3675
7159.4 2.2962
7161.1 2.4253
7162.8 1.6448
7164.5 1.9847
7166.2 2.7133
7167.9 2.0679
7169.6 1.9783
7171.3 2.4801
7173 2.2811
7174.7 1.8127
7176.4 2.5958
7178.1 2.922
7179.8 2.8352
7181.5 2.3756
7183.2 2.275
7184.9 2.1056
7186.6 2.7973
7188.3 2.3326
7190 1.7259
7191.7 2.2752
7193.4 2.112
7195.1 2.4215
7196.8 2.4959
7198.5 1.9313
7200.2 1.873
7201.9 2.4962
7203.6 2.8165
7205.3 2.2556
7207 1.9507
7208.7 2.086
7210.3 2.0481
7212 2.3613
7213.7 2.14
7215.4 2.1194
7217.1 1.7171
7218.8 1.8967
7220.5 2.1011
7222.2 1.3439
7223.9 2.3487
7225.6 2.675
7227.3 2.0564
7229 2.0012
7230.7 1.7803
7232.4 2.2684
7234.1 2.2463
7235.8 3.0353
7237.5 2.1106
7239.1 0.9844
7240.8 1.9141
7242.5 1.4468
7244.2 1.0942
7245.9 1.7147
7247.6 1.357
7249.3 2.2654
7251 2.3014
7252.7 2.1361
7254.4 2.5824
7256.1 2.3879
7257.8 2.0511
7259.4 1.9316
7261.1 2.0511
7262.8 1.9491
7264.5 1.9056
7266.2 2.6068
7267.9 2.145
7269.6 2.5857
7271.3 1.4107
7273 2.076
7274.7 2.1918
7276.3 2.2681
7278 1.9402
7279.7 1.811
7281.4 2.1138
7283.1 1.6819
7284.8 2.3701
7286.5 1.2387
7288.2 1.6592
7289.9 1.7719
7291.5 2.1854
7293.2 1.7547
7294.9 1.9173
7296.6 2.2589
7298.3 1.5714
7300 1.5151
7301.7 2.9518
7303.3 1.8886
7305 2.0223
7306.7 1.4316
7308.4 1.7307
7310.1 1.3233
7311.8 2.4738
7313.5 3.0297
7315.1 1.2221
7316.8 1.1622
7318.5 1.2096
7320.2 2.1238
7321.9 1.729
7323.6 2.0975
7325.3 1.3982
7326.9 2.1566
7328.6 1.9966
7330.3 3.0564
7332 1.7691
7333.7 1.4158
7335.4 2.3164
7337 1.2024
7338.7 1.7708
7340.4 1.5706
7342.1 2.5202
7343.8 1.2705
7345.4 1.774
7347.1 1.4197
7348.8 1.8
7350.5 1.5715
7352.2 1.7704
7353.9 2.142
7355.5 2.0238
7357.2 1.5408
7358.9 1.1096
7360.6 2.1511
7362.3 1.6715
7363.9 1.8302
7365.6 1.1565
7367.3 0.82411
7369 2.3717
7370.7 1.2203
7372.3 1.6954
7374 1.5846
7375.7 2.3241
7377.4 1.2578
7379.1 1.7181
7380.7 2.01
7382.4 1.7925
7384.1 1.835
7385.8 1.5282
7387.4 1.0758
7389.1 2.3238
7390.8 2.4493
7392.5 1.9206
7394.2 1.0876
7395.8 0.64293
7397.5 1.0332
7399.2 1.1061
7400.9 1.2665
7402.5 1.5864
7404.2 1.5028
7405.9 2.0004
7407.6 1.3207
7409.2 1.5972
7410.9 1.7542
7412.6 2.0538
7414.3 1.7537
7415.9 1.8018
7417.6 1.991
7419.3 1.6053
7421 1.713
7422.6 1.7065
7424.3 1.658
7426 0.99136
7427.6 0.93215
7429.3 0.8897
7431 0.95899
7432.7 1.0752
7434.3 1.5502
7436 1.2309
7437.7 2.3209
7439.4 1.3621
7441 1.6208
7442.7 1.5769
7444.4 2.351
7446 2.0462
7447.7 2.0173
7449.4 2.3424
7451.1 2.363
7452.7 1.3149
7454.4 1.0676
7456.1 1.1266
7457.7 1.9197
7459.4 1.8915
7461.1 2.087
7462.7 1.4414
7464.4 1.4956
7466.1 1.4512
7467.7 1.4662
7469.4 1.5704
7471.1 1.7948
7472.8 2.1655
7474.4 1.9638
7476.1 1.2919
7477.8 2.0107
7479.4 2.071
7481.1 1.822
7482.8 1.4905
7484.4 1.4407
7486.1 1.4062
7487.8 1.9628
7489.4 0.97458
7491.1 2.2142
7492.8 1.4649
7494.4 1.6841
7496.1 1.8506
7497.7 1.7087
7499.4 1.4548
7501.1 0.18376
7502.7 0.28408
7504.4 0.49378
7506.1 0.84646
7507.7 1.143
7509.4 1.898
7511.1 1.4008
7512.7 1.7545
7514.4 1.3653
7516.1 1.5714
7517.7 1.5141
7519.4 1.2441
7521 1.1132
7522.7 2.1211
7524.4 1.665
7526 2.3797
7527.7 1.6411
7529.3 1.6275
7531 1.5508
7532.7 1.7237
7534.3 1.4889
7536 1.3736
7537.7 1.8441
7539.3 1.382
7541 1.4336
7542.6 1.5733
7544.3 1.4389
7545.9 1.1146
7547.6 1.5108
7549.3 1.4914
7550.9 1.6924
7552.6 1.6985
7554.2 1.2417
7555.9 1.5216
7557.6 1.8007
7559.2 1.4526
7560.9 0.86742
7562.5 1.2798
7564.2 1.2808
7565.8 2.3634
7567.5 1.5813
7569.2 1.8117
7570.8 0.97295
7572.5 1.9319
7574.1 1.5888
7575.8 1.8133
7577.4 2.1254
7579.1 1.7073
7580.7 1.7644
7582.4 1.7193
7584.1 1.9151
7585.7 1.1993
7587.4 0.97771
7589 0.81433
7590.7 0.66448
7592.3 0.54808
7594 0.52321
7595.6 0.96646
7597.3 2.5149
7598.9 3.2744
7600.6 1.2786
7602.2 2.012
7603.9 2.7268
7605.5 1.1279
7607.2 4.2409
7608.9 1.613
7610.5 1.6449
7612.2 1.9631
7613.8 1.7401
7615.5 1.5189
7617.1 1.8744
7618.8 1.6457
7620.4 1.7823
7622.1 1.6734
7623.7 1.7422
7625.4 1.5155
7627 1.0588
7628.7 0.72413
7630.3 0.83722
7631.9 1.1161
7633.6 2.1361
7635.2 1.8239
7636.9 2.1195
7638.5 1.9857
7640.2 2.0952
7641.8 1.342
7643.5 2.0414
7645.1 1.4329
7646.8 1.6715
7648.4 1.4876
7650.1 1.7986
7651.7 1.951
7653.4 1.7406
7655 1.3667
7656.6 0.85015
7658.3 1.6106
7659.9 1.0637
7661.6 1.7151
7663.2 1.0677
7664.9 1.4951
7666.5 1.3669
7668.2 2.3822
7669.8 1.4817
7671.4 1.165
7673.1 2.383
7674.7 2.1202
7676.4 1.4489
7678 1.8616
7679.7 2.0768
7681.3 1.4624
7682.9 1.5351
7684.6 1.5036
7686.2 2.025
7687.9 1.2469
7689.5 2.0861
7691.1 1.682
7692.8 1.5512
7694.4 1.7224
7696.1 1.6483
7697.7 1.5118
7699.3 1.1751
7701 2.1591
7702.6 1.5576
7704.3 1.3254
7705.9 1.6457
7707.5 1.7353
7709.2 1.9312
7710.8 2.3011
7712.5 2.521
7714.1 1.8164
7715.7 1.267
7717.4 1.9704
7719 1.2457
7720.6 1.4471
7722.3 1.9964
7723.9 1.6549
7725.6 2.2342
7727.2 1.3668
7728.8 0.96436
7730.5 1.7283
7732.1 2.5587
7733.7 1.6188
7735.4 1.3195
7737 1.3961
7738.6 1.3278
7741.5 1.6297
7743.7 2.2454
7745.9 1.1374
7748 1.7716
7750.2 1.0985
7752.4 0.88842
7754.5 1.3222
7756.7 1.8211
7758.8 2.2185
7761 1.9439
7763.2 2.62
7765.3 2.1087
7767.5 1.4218
7769.7 0.71977
7771.8 2.3655
7774 1.6897
7776.2 1.7817
7778.3 1.956
7780.5 2.4368
7782.7 1.0189
7784.8 1.9611
7787 2.3165
7789.1 1.8614
7791.3 0.79597
7793.5 0.69923
7795.6 2.4555
7797.8 0.82454
7800 1.8284
7802.1 1.4097
7804.3 2.0837
7806.5 1.1817
7808.6 1.7488
7810.8 1.5298
7813 1.854
7815.1 1.2984
7817.3 1.0677
7819.5 1.8523
7821.6 1.346
7823.8 1.7973
7825.9 2.2392
7828.1 2.301
7830.3 1.2449
7832.4 1.985
7834.6 1.321
7836.8 1.5463
7838.9 2.4489
7841.1 1.8088
7843.3 1.5245
7845.4 1.9258
7847.6 2.0115
7849.8 1.469
7851.9 1.0653
7854.1 1.5447
7856.3 0.73314
7858.4 1.735
7860.6 1.888
7862.8 1.246
7864.9 1.1145
7867.1 1.9541
7869.3 1.0817
7871.4 1.7908
7873.6 0.74525
7875.8 1.479
7877.9 1.1745
7880.1 1.6956
7882.3 1.3142
7884.4 1.3829
7886.6 2.0757
7888.8 1.5572
7890.9 1.8033
7893.1 2.1067
7895.3 1.8691
7897.4 1.847
7899.6 1.9124
7901.8 1.4563
7903.9 1.6106
7906.1 1.2465
7908.2 1.3835
7910.4 0.85137
7912.6 0.97722
7914.7 0.98477
7916.9 2.1413
7919.1 1.279
7921.2 1.9317
7923.4 1.6223
7925.6 1.5535
7927.7 1.6984
7929.9 2.0309
7932.1 1.7643
7934.2 2.0058
7936.4 1.5611
7938.6 1.5894
7940.7 1.8261
7942.9 1.7185
7945.1 1.7986
7947.2 1.6546
7949.4 1.3316
7951.6 1.9445
7953.7 1.885
7955.9 1.6591
7958.1 1.3692
7960.2 0.95178
7962.4 0.9985
7964.6 1.7113
7966.7 0.89975
7968.9 1.5438
7971.1 1.1869
7973.2 1.4578
7975.4 1.3478
7977.6 0.88871
7979.7 1.8495
7981.9 1.5019
7984.1 1.5423
7986.2 1.4009
7988.4 1.178
7990.6 1.4855
7992.8 1.1518
7994.9 1.1514
7997.1 2.1681
7999.3 1.7937
8001.4 1.8468
8003.6 1.6925
8005.8 1.6697
8007.9 1.6442
8010.1 1.7147
8012.3 1.8779
8014.4 2.0712
8016.6 1.2375
8018.8 2.1745
8020.9 1.3824
8023.1 2.135
8025.3 2.224
8027.4 1.5047
8029.6 1.8315
8031.8 1.6488
8033.9 1.6148
8036.1 1.7487
8038.3 2.1153
8040.4 1.963
8042.6 0.94377
8044.8 1.3971
8046.9 1.8174
8049.1 1.5837
8051.3 2.2312
8053.4 1.4081
8055.6 2.2068
8057.8 1.6171
8059.9 1.773
8062.1 1.7055
8064.3 1.8247
8066.4 1.7945
8068.6 2.246
8070.8 1.7412
8072.9 1.3815
8075.1 1.5747
8077.3 1.901
8079.4 1.4363
8081.6 1.7525
8083.8 1.5325
8085.9 1.6115
8088.1 1.9911
8090.3 2.2865
8092.4 1.5791
8094.6 1.5914
8096.8 1.6955
8098.9 1.4767
8101.1 1.9578
8103.3 2.2224
8105.4 1.2196
8107.6 1.6019
8109.8 2.4194
8111.9 2.0422
8114.1 1.6978
8116.3 1.9784
8118.4 2.0113
8120.6 2.1653
8122.8 1.788
8124.9 1.504
8127.1 1.9446
8129.3 2.3146
8131.4 1.971
8133.6 2.1564
8135.8 1.4042
8137.9 1.8366
8140.1 2.2003
8142.3 2.0593
8144.4 2.2031
8146.6 2.4977
8148.8 1.8524
8150.9 2.2516
8153.1 1.5543
8155.3 2.2796
8157.4 1.9172
8159.6 1.9207
8161.8 2.0752
8163.9 1.8619
8166.1 2.171
8168.3 2.0359
8170.4 1.6692
8172.6 2.2568
8174.8 1.9458
8176.9 1.6499
8179.1 1.7097
8181.3 1.8933
8183.4 2.0798
8185.6 2.0213
8187.8 1.2944
8189.9 2.0308
8192.1 2.0404
8194.3 1.9482
8196.4 1.8891
8198.6 1.8701
8200.8 1.6807
8202.9 1.5952
8205.1 1.8892
8207.3 1.859
8209.4 1.5049
8211.6 2.2325
8213.8 1.7854
8215.9 1.8232
8218.1 2.0115
8220.3 1.8135
8222.4 2.8019
8224.6 2.6682
8226.8 2.3606
8228.9 1.8308
8231.1 1.9889
8233.3 1.6592
8235.4 1.7436
8237.6 2.0454
8239.8 2.0801
8241.9 1.6785
8244.1 1.6647
8246.3 2.155
8248.4 1.9396
8250.6 1.8766
8252.8 2.2637
8254.9 1.4044
8257.1 2.0607
8259.3 2.1013
8261.4 1.7905
8263.6 1.6932
8265.8 2.0121
8267.9 2.2267
8270.1 2.0604
8272.2 1.9233
8274.4 1.3305
8276.6 1.7685
8278.7 1.4852
8280.9 1.7198
8283.1 2.3726
8285.2 1.454
8287.4 2.1758
8289.6 1.001
8291.7 1.6792
8293.9 1.9878
8296.1 1.8983
8298.2 1.5527
8300.4 1.5169
8302.6 1.4299
8304.7 2.2514
8306.9 2.0013
8309.1 2.3347
8311.2 1.6983
8313.4 2.2701
8315.6 1.6215
8317.7 1.7115
8319.9 1.3966
8322 1.6736
8324.2 1.928
8326.4 1.953
8328.5 1.9214
8330.7 1.6626
8332.9 1.8109
8335 1.791
8337.2 2.2185
8339.4 1.0655
8341.5 1.7238
8343.7 1.7919
8345.9 1.7955
8348 1.5528
8350.2 2.0496
8352.3 2.5914
8354.5 1.5536
8356.7 1.6187
8358.8 1.8466
8361 1.7803
8363.2 1.6579
8365.3 1.7928
8367.5 1.1236
8369.7 1.7698
8371.8 1.9198
8374 1.7251
8376.1 1.6352
8378.3 1.2511
8380.5 1.4789
8382.6 1.8405
8384.8 1.3614
8387 2.0328
8389.1 2.0274
8391.3 1.5952
8393.5 1.8255
8395.6 1.0406
8397.8 1.4639
8399.9 1.5572
8402.1 1.6679
8404.3 1.7735
8406.4 1.8417
8408.6 1.9298
8410.8 1.0692
8412.9 2.067
8415.1 1.9541
8417.2 1.2071
8419.4 1.6138
8421.6 1.5014
8423.7 1.7994
8425.9 1.2057
8428.1 2.232
8430.2 2.441
8432.4 1.2698
8434.5 1.9665
8436.7 1.6544
8438.9 1.8664
8441 2.1536
8443.2 1.9189
8445.4 2.0458
8447.5 5.4008
8449.7 8.3116
8451.8 4.8405
8454 2.4023
8456.2 1.9096
8458.3 1.5873
8460.5 1.4323
8462.6 1.9133
8464.8 1.9572
8467 2.0609
8469.1 1.8403
8471.3 1.8601
8473.4 1.5265
8475.6 1.7055
8477.8 1.8938
8479.9 1.9262
8482.1 1.833
8484.3 1.7056
8486.4 1.6515
8488.6 1.4884
8490.7 1.7121
8492.9 1.8866
8495.1 1.2837
8497.2 1.8718
8499.4 1.5747
8501.5 1.506
8503.7 2.4394
8505.9 1.4604
8508 2.1839
8510.2 1.4827
8512.3 1.8753
8514.5 1.3649
8516.7 1.4277
8518.8 1.5924
8521 1.7117
8523.1 1.3242
8525.3 1.1534
8527.5 1.2915
8529.6 1.6523
8531.8 1.9382
8533.9 1.7068
8536.1 2.0311
8538.2 1.7748
8540.4 1.2603
8542.6 1.7499
8544.7 1.7283
8546.9 1.4157
8549 1.2085
8551.2 1.3788
8553.4 1.3692
8555.5 1.4532
8557.7 1.4491
8559.8 1.3642
8562 1.8316
8564.1 1.4101
8566.3 1.4692
8568.5 1.4208
8570.6 1.3305
8572.8 1.3195
8574.9 1.6722
8577.1 1.8153
8579.2 1.6814
8581.4 1.5739
8583.6 1.3071
8585.7 1.2593
8587.9 1.7167
8590 1.4575
8592.2 1.8541
8594.3 1.392
8596.5 1.7281
8598.7 1.3414
8600.8 1.2361
8603 1.17
8605.1 1.1827
8607.3 1.5239
8609.4 1.5012
8611.6 0.97692
8613.8 1.4142
8615.9 1.7028
8618.1 1.1759
8620.2 0.88003
8622.4 1.409
8624.5 1.026
8626.7 0.51677
8628.8 1.1809
8631 0.96832
8633.2 1.6381
8635.3 1.7369
8637.5 1.1157
8639.6 1.8489
8641.8 1.5996
8643.9 1.1301
8646.1 1.2958
8648.2 1.8751
8650.4 1.4051
8652.6 0.5795
8654.7 1.7606
8656.9 1.5279
8659 1.4242
8661.2 1.4748
8663.3 1.3014
8665.5 1.22
8667.6 1.2158
8669.8 2.1248
8671.9 1.1879
8674.1 0.96765
8676.2 1.2104
8678.4 1.3272
8680.6 1.4761
8682.7 1.194
8684.9 1.8554
8687 1.4238
8689.2 1.3376
8691.3 1.0945
8693.5 1.1831
8695.6 1.5177
8697.8 1.5135
8699.9 1.3958
8702.1 1.5017
8704.2 1.359
8706.4 1.5924
8708.5 0.9378
8710.7 0.89831
8712.8 1.5146
8715 1.0258
8717.1 1.1952
8719.3 1.3989
8721.4 1.5032
8723.6 1.5785
8725.8 1.4454
8727.9 1.7832
8730.1 1.4425
8732.2 1.1316
8734.4 1.3181
8736.5 1.2608
8738.7 1.4796
8740.8 1.384
8743 1.3859
8745.1 1.3175
8747.3 1.1965
8749.4 1.84
8751.6 1.3694
8753.7 1.3582
8755.9 1.1678
8758 0.77344
8760.2 2.0723
8762.3 1.4193
8764.5 0.48777
8766.6 2.4344
8768.8 1.4419
8770.9 1.1045
8773.1 1.1983
8775.2 1.6164
8777.3 1.1977
8779.5 1.0599
8781.6 1.6373
8783.8 1.5074
8785.9 0.64897
8788.1 0.96269
8790.2 1.213
8792.4 1.5845
8794.5 1.5978
8796.7 1.4352
8798.8 1.5787
8801 1.6212
8803.1 1.4559
8805.3 0.9799
8807.4 1.6632
8809.6 1.316
8811.7 1.3118
8813.9 1.2607
8816 1.2728
8818.2 1.3839
8820.3 1.0708
8822.4 0.36591
8824.6 0.91327
8826.7 0.51859
8828.9 0.69482
8831 0.93811
8833.2 1.3867
8835.3 1.3489
8837.5 0.84789
8839.6 1.3477
8841.8 1.386
8843.9 1.1191
8846 1.2337
8848.2 1.9498
8850.3 1.5578
8852.5 1.1503
8854.6 1.4726
8856.8 1.6131
8858.9 1.3018
8861.1 1.4407
8863.2 0.96641
8865.3 1.807
8867.5 1.9183
8869.6 1.7862
8871.8 1.5224
8873.9 1.4175
8876.1 1.5244
8878.2 1.7219
8880.4 0.56611
8882.5 0.76459
8884.6 1.3111
8886.8 1.1228
8888.9 1.0702
8891.1 1.6511
8893.2 1.2421
8895.3 1.7965
8897.5 0.75595
8899.6 1.0333
8901.8 1.4485
8903.9 0.98638
8906.1 1.8036
8908.2 1.2674
8910.3 1.4083
8912.5 1.2373
8914.6 0.18098
8916.8 0.86021
8918.9 0.46962
8921 0.99109
8923.2 1.5646
8925.3 1.8576
8927.5 1.3098
8929.6 1.2979
8931.7 1.199
8933.9 1.1477
8936 1.2343
8938.2 1.1611
8940.3 1.3755
8942.4 0.98259
8944.6 1.1326
8946.7 1.2588
8948.9 1.277
8951 1.8349
8953.1 -0.37149
8955.3 2.6297
8957.4 1.6143
8959.6 0.68646
8961.7 1.7694
8963.8 1.8144
8966 1.3777
8968.1 1.4406
8970.2 1.3645
8972.4 1.1481
8974.5 1.4487
8976.7 1.8027
8978.8 1.6105
8980.9 1.3194
8983.1 0.8207
8985.2 2.5054
8987.3 1.6695
8989.5 1.0351
8991.6 1.325
8993.7 1.4891
8995.9 1.1096
8998 1.5656
9000.1 2.7614
9002.3 1.6323
9004.4 1.3109
9006.6 1.6757
9008.7 1.3886
9010.8 1.5053
9013 1.4375
9015.1 1.4658
9017.2 1.3846
9019.4 1.8207
9021.5 1.6821
9023.6 1.4579
9025.8 1.2451
9027.9 1.2193
9030 1.5876
9032.2 1.3918
9034.3 1.3451
9036.4 1.3107
9038.6 1.5364
9040.7 1.1827
9042.8 1.0804
9045 1.2612
9047.1 1.5712
9049.2 1.5613
9051.4 1.0646
9053.5 1.4081
9055.6 1.4873
9057.7 1.458
9059.9 1.7356
9062 1.4982
9064.1 1.0368
9066.3 1.6418
9068.4 1.9983
9070.5 1.4397
9072.7 1.2941
9074.8 1.6372
9076.9 1.256
9079.1 1.5978
9081.2 1.3729
9083.3 1.687
9085.4 1.3314
9087.6 1.2932
9089.7 1.4581
9091.8 1.3279
9094 1.4352
9096.1 1.6503
9098.2 1.2779
9100.3 1.476
9102.5 1.431
9104.6 1.2123
9106.7 1.1409
9108.9 1.2283
9111 1.5142
9113.1 1.8391
9115.2 1.7133
9117.4 1.3545
9119.5 1.3819
9121.6 1.4521
9123.7 1.2553
9125.9 1.0625
9128 1.0471
9130.1 1.4837
9132.2 2.0092
9134.4 1.579
9136.5 1.564
9138.6 1.2023
9140.8 1.5691
9142.9 1.3481
9145 1.3413
9147.1 1.2075
9149.2 1.7442
9151.4 1.4144
9153.5 1.589
9155.6 1.4526
9157.7 1.9535
9159.9 1.5126
9162 1.4829
9164.1 1.4689
9166.2 1.3822
9168.4 1.8521
9170.5 1.6675
9172.6 1.7085
9174.7 1.2002
9176.9 1.4032
9179 1.3938
9181.1 1.3559
9183.2 1.6741
9185.3 1.2153
9187.5 1.478
9189.6 1.4325
9191.7 1.391
9193.8 1.4034
9195.9 1.2468
9198.1 1.3046
9200.2 1.436
9202.3 1.2338
9204.4 1.5075
9206.5 1.4279
9208.7 1.5099
9210.8 1.1427
9212.9 1.355
9215 1.4216
9217.1 1.3803
9219.3 1.3986
9221.4 1.4671
9223.5 1.5775
9225.6 1.1532
9227.7 1.4844
9229.9 1.5527
9232 1.6326
9234.1 1.5374
9236.2 1.4189
9238.3 1.6792
9240.4 1.482
9242.6 1.5543
9244.7 1.5446
9246.8 1.4918
9248.9 1.6141
9251 1.3497
9253.1 1.4095
9255.3 1.842
9257.4 1.081
9259.5 1.6727
9261.6 1.5904
9263.7 1.8697
9265.8 1.5682
9267.9 1.2939
9270.1 1.5085
9272.2 1.2419
9274.3 1.7915
9276.4 1.3165
9278.5 1.8458
9280.6 1.5938
9282.7 1.6936
9284.9 1.578
9287 1.4842
9289.1 1.4783
9291.2 1.4787
9293.3 2.2239
9295.4 2.2781
9297.5 1.8337
9299.6 1.5643
9301.8 0.032555
9303.9 0.3545
9306 2.6665
9308.1 -0.80058
9310.2 2.3753
9312.3 1.8776
9314.4 1.1047
9316.5 2.6737
9318.6 -0.98004
9320.7 1.9314
9322.9 6.4435
9325 2.3049
9327.1 2.7454
9329.2 2.1601
9331.3 4.4688
9333.4 2.7243
9335.5 4.5848
9337.6 2.958
9339.7 5.2666
9341.8 3.1961
9343.9 1.2686
9346 1.7002
9348.2 2.0343
9350.3 3.8988
9352.4 2.4818
9354.5 3.2911
9356.6 2.0513
9358.7 1.6874
9360.8 2.9135
9362.9 2.051
9365 3.3681
9367.1 4.1319
9369.2 -0.18795
9371.3 0.27351
9373.4 3.935
9375.5 3.2061
9377.6 3.354
9379.7 4.7315
9381.8 2.6939
9383.9 1.5659
9386.1 1.1795
9388.2 1.4285
9390.3 1.4328
9392.4 1.7394
9394.5 1.5468
9396.6 0.66809
9398.7 0.90465
9400.8 2.3399
9402.9 2.2034
9405 2.2784
9407.1 1.9139
9409.2 1.8185
9411.3 1.4514
9413.4 2.2833
9415.5 1.6042
9417.6 1.7833
9419.7 0.1508
9421.8 1.6102
9423.9 2.96
9426 0.97685
9428.1 1.2958
9430.2 1.0904
9432.3 1.7667
9434.4 -0.97421
9436.5 -1.1769
9438.6 -2.3871
9440.7 -2.4027
9442.8 1.2376
9444.9 1.5492
9447 1.4197
9449.1 2.295
9451.2 2.3153
9453.3 -0.7278
9455.4 0.69657
9457.5 4.2247
9459.5 0.53645
9461.6 1.4577
9463.7 2.1041
9465.8 2.6822
9467.9 1.7769
9470 2.1416
9472.1 -2.8042
9474.2 2.8132
9476.3 2.2648
9478.4 -1.5351
9480.5 2.0997
9482.6 1.5896
9484.7 0.97979
9486.8 1.7147
9488.9 1.4691
9491 1.7006
9493.1 1.3971
9495.2 3.2877
9497.2 1.7157
9499.3 0.79156
9501.4 1.6266
9503.5 1.8134
9505.6 1.451
9507.7 1.1688
9509.8 1.8176
9511.9 2.3067
9514 1.5571
9516.1 -0.0069637
9518.2 3.394
9520.2 1.422
9522.3 1.8352
9524.4 1.4101
9526.5 1.2478
9528.6 1.4591
9530.7 1.3629
9532.8 1.9374
9534.9 1.4097
9537 1.3439
9539 1.6337
9541.1 1.6652
9543.2 1.8098
9545.3 1.6802
9547.4 0.11013
9549.5 1.7828
9551.6 1.65
9553.7 -0.50989
9555.7 1.4838
9557.8 1.6088
9559.9 2.0281
9562 -0.36936
9564.1 3.4485
9566.2 1.5264
9568.2 2.1731
9570.3 1.562
9572.4 1.1072
9574.5 1.1048
9576.6 2.5806
9578.7 1.2422
9580.7 1.4974
9582.8 1.756
9584.9 1.2403
9587 2.1415
9589.1 1.6925
9591.2 1.7187
9593.2 1.1663
9595.3 0.92546
9597.4 1.226
9599.5 0.87466
9601.6 1.7372
9603.6 0.59988
9605.7 1.6437
9607.8 0.8651
9609.9 1.1348
9612 0.93047
9614 1.1738
9616.1 1.459
9618.2 0.80608
9620.3 3.001
9622.4 0.94185
9624.4 1.3911
9626.5 1.3452
9628.6 1.3419
9630.7 1.069
9632.8 2.021
9634.8 1.8275
9636.9 1.1265
9639 1.466
9641.1 1.2959
9643.1 1.0056
9645.2 0.82714
9647.3 1.6122
9649.4 0.82824
9651.4 1.1256
9653.5 0.91651
9655.6 0.94668
9657.7 1.2266
9659.7 1.1744
9661.8 1.2227
9663.9 0.50162
9666 1.6064
9668 1.3488
9670.1 1.5616
9672.2 0.72517
9674.2 1.0594
9676.3 1.1073
9678.4 0.56451
9680.5 1.1659
9682.5 1.1485
9684.6 1.5912
9686.7 0.77903
9688.7 0.86213
9690.8 1.2142
9692.9 1.3321
9695 0.78662
9697 0.78462
9699.1 0.60261
9701.2 0.46187
9703.2 1.2563
9705.3 0.72478
9707.4 1.0049
9709.4 0.84947
9711.5 1.2929
9713.6 0.98837
9715.6 1.5452
9717.7 1.3327
9719.8 0.8081
9721.8 1.7091
9723.9 1.0584
9726 1.3453
9728 1.0535
9730.1 0.89938
9732.2 0.93354
9734.2 0.98169
9736.3 1.1954
9738.4 1.3703
9740.4 0.55666
9742.5 1.0329
9744.5 1.2124
9746.6 0.64902
9748.7 1.6804
9750.7 1.1653
9752.8 1.3531
9754.9 1.1754
9756.9 1.0328
9759 1.7025
9761 0.73583
9763.1 1.2352
9765.2 0.80326
9767.2 1.2155
9769.3 1.1187
9771.3 1.5654
9773.4 1.1946
9775.5 1.129
9777.5 1.5518
9779.6 1.2188
9781.6 1.1169
9783.7 1.5259
9785.8 0.67591
9787.8 1.5972
9789.9 0.93911
9791.9 1.8653
9794 0.82361
9796 1.5943
9798.1 1.7321
9800.2 1.06
9802.2 0.37766
9804.3 1.0601
9806.3 0.95317
9808.4 0.98355
9810.4 0.68945
9812.5 1.147
9814.5 1.0577
9816.6 1.4778
9818.7 1.2629
9820.7 1.6706
9822.8 1.1971
9824.8 1.0357
9826.9 0.94634
9828.9 0.92622
9831 0.85461
9833 1.0459
9835.1 1.023
9837.1 1.0701
9839.2 1.3993
9841.2 1.0406
9843.3 0.67947
9845.3 1.8614
9847.4 1.7545
9849.4 1.5854
9851.5 0.91531
9853.5 1.1997
9855.6 1.3699
9857.6 1.3084
9859.7 1.0587
9861.7 1.0575
9863.8 0.49578
9865.8 0.85985
9867.9 0.67781
9869.9 2.2385
9872 2.3932
9874 1.0852
9876.1 1.1902
9878.1 1.4794
9880.1 1.5281
9882.2 0.83724
9884.2 1.0444
9886.3 1.0151
9888.3 0.90479
9890.4 0.72784
9892.4 0.60513
9894.5 1.9943
9896.5 0.96041
9898.5 1.9248
9900.6 1.6798
9902.6 1.492
9904.7 1.352
9906.7 1.1133
9908.7 0.46178
9910.8 0.77134
9912.8 0.61144
9914.9 0.60344
9916.9 1.2778
9919 1.6221
9921 0.7781
9923 1.3647
9925.1 1.2026
9927.1 1.4884
9929.1 1.3815
9931.2 1.422
9933.2 1.6199
9935.3 1.1547
9937.3 0.0094135
9939.3 0.41122
9941.4 1.419
9943.4 0.8618
9945.4 4.1557
9947.5 0.45898
9949.5 1.1475
9951.6 -0.451
9953.6 2.8095
9955.6 0.96371
9957.7 0.98272
9959.7 -0.15419
9961.7 1.3564
9963.8 1.2467
9965.8 1.6509
9967.8 0.45154
9969.9 0.74317
9971.9 1.2452
9973.9 1.4218
9976 1.0451
9978 1.151
9980 1.1688
9982 0.96605
9984.1 1.0797
9986.1 1.4845
9988.1 1.2002
9990.2 1.4277
9992.2 0.63588
9994.2 1.4495
9996.3 1.2368
9998.3 1.2784
10000 0.78736
10002 1.4953
10004 1.2221
10006 0.19233
10008 0.1029
10010 1.3288
10012 2.5833
10015 1.3245
10017 2.0191
10019 1.1214
10021 0.65199
10023 1.6277
10025 2.05
10027 1.3205
10029 2.557
10031 1.2756
10033 0.49379
10035 0.44539
10037 1.5171
10039 0.77285
10041 1.894
10043 1.715
10045 1.5202
10047 2.1904
10049 2.1856
10051 1.0606
10053 2.253
10055 1.1263
10057 0.69161
10059 1.4607
10061 1.8785
10063 1.9384
10065 1.9519
10067 0.66464
10069 -0.0094184
10071 1.3327
10073 1.1628
10075 1.4823
10077 -0.13514
10079 0.73426
10081 2.6557
10083 3.6823
10085 1.4383
10087 0.93559
10089 1.1259
10091 1.6307
10093 1.5031
10095 0.73301
10097 0.74918
10099 -0.82239
10101 1.9397
10103 3.41
10105 -0.044914
10107 1.5479
10109 1.0604
10111 1.3724
10113 0.98099
10115 1.7714
10117 1.1084
10119 -0.41642
10121 1.9107
10123 -1.9056
10125 1.2029
10127 1.6935
10129 1.8496
10131 0.42978
10133 0.9325
10135 1.3079
10138 2.1914
10140 1.1477
10142 0.76239
10144 1.7141
10146 1.323
10148 0.37387
10150 1.898
10152 0.96996
10154 2.7652
10156 0.56781
10158 1.9014
10160 0.71256
10162 1.6161
10164 1.3856
10166 1.765
10168 1.349
10170 1.0134
10172 -0.35309
10174 2.2203
10176 -0.11829
10178 0.8369
10180 -0.73471
10182 1.6446
10184 1.6297
10186 0.2938
10188 3.355
10190 -1.245
10192 0.9059
10194 1.0996
10196 0.48878
10198 2.6654
10200 -1.4357
10202 -0.084734
10204 2.0412
10206 0.91836
10208 -0.0044451
10210 -0.68581
10212 1.4123
10214 1.1554
10216 1.004
10218 2.4383
10219 0.078688
10221 1.5882
10223 -0.34111
10225 1.5396
10227 0.6622
10229 1.4436
10231 1.4527
10233 -0.23669
10235 0.23617
10237 2.2482
10239 1.4757
10241 0.50369
10243 1.179
10245 1.6639
10247 0.87624
10249 1.2543
10251 0.55279
10253 1.3486
10255 1.4673
10257 0.64435
10259 1.3742
10261 0.31534
10263 1.4431
10265 1.0181
10267 2.5002
10269 2.9335
10271 -0.98534
10273 1.2882
10275 3.325
10277 0.18335
10279 -0.085571
10281 -1.4559
10283 4.6565
10285 -0.22258
10287 0.40786
10289 2.9589
10291 0.45746
10293 3.0981
10295 2.469
10297 -2.2708
10299 1.0412
10301 -0.13177
10303 2.9749
10305 3.3613
10307 -2.1703
10309 -1.5053
10311 2.2731
10313 0.92239
10315 -0.74258
10317 -0.32788
10319 0.31032
10321 1.1951
10323 -0.65879
10325 1.9396
10327 0.65181
10329 1.7141
10331 0.56854
10333 2.8873
10335 1.1319
10336 0.5205
10338 -0.87232
10340 3.9884
10342 3.0787
10344 3.5006
10346 2.3096
10348 2.156
10350 4.7407
10352 -4.3703
10354 0.073761
10356 2.3612
10358 2.3373
10360 0.7107
10362 3.3193
10364 2.8681
10366 4.5906
10368 -1.1765
10370 -2.5538
10372 -4.6659
10374 -2.6455
10376 -0.68672
10378 2.0101
10380 -0.73906
10382 0.61638
10384 0.89664
10386 2.9788
10388 1.4629
10390 -2.556
10392 1.0465
10394 3.0135
10395 0.26133
10397 -2.1423