# OBJECT=ZTF26aanuiuw
# RA=1.2581527778
# DEC=40.2246666657
# EQUINOX=2000.0
# RADECSYS=FK5
# OBJPMRA=0.0
# OBJPMDEC=0.0
# OBSERVATORY=LaPalma
# TELESCOPE=NOT
# LON-OBS=-17.879999999999995
# LAT-OBS=28.758333333333336
# ALT-OBS=2326.9999999988386
# INSTRUMENT=ALFOSC
# DETECTOR=E2V CCD 231-42 2kx2k
# CHIPID=12234-10-01
# DATE-OBS=2026-07-22T04:37:20.670
# JD=2461243.6926
# MJD=61243.1926
# EXPTIME=900.0
# NCOMBINE=2
# INTTIME=1800.0
# SLIT=Slit_1.0
# DISERPER=Grism_4
# BINNING=1,1
# AIRMASS_START=1.10785931552498
# DETWIN1=[801:1300, 1:2102]
# PROPID=70-501
# PROPTITL=External Project: Extragalactic transient classifications for the V
# NOT_OBSERVER=P. Kvist, V. Vuolteenaho
# HOME_OBSERVER=Jesper Sollerman, Avinash Singh
# REDUCER=Avinash Singh
# GROUPID=20260721_ztf26aanuiuw_spec1_0
# BLOCKID=ztf26aanuiuw_spec_1_0
# PIPELINE=PypeIt v1.14.0
# WLENSYSTEM=vacuum
# FLUX_FACTOR=1e-17
# EXTENSION=SPAT0249-SLIT0250-DET01
# WAVE_RMS_PX=0.17445579834089134
# PSF_FWHM_PX=6.003545119541748
# HISTORY 0=2026-07-22T12:51 PypeIt Reducing target ZTF26aanuiuw
# HISTORY 1=Combining frames:
# HISTORY 2="ALJg210250.fits"
# HISTORY 3=Calibration frames:
# HISTORY 4=bias "ALJg210319.fits"
# HISTORY 5=bias "ALJg210320.fits"
# HISTORY 6=bias "ALJg210321.fits"
# HISTORY 7=bias "ALJg210322.fits"
# HISTORY 8=bias "ALJg210323.fits"
# HISTORY 9=bias "ALJg210324.fits"
# HISTORY 10=bias "ALJg210325.fits"
# HISTORY 11=bias "ALJg210326.fits"
# HISTORY 12=bias "ALJg210327.fits"
# HISTORY 13=bias "ALJg210328.fits"
# HISTORY 14=bias "ALJg210329.fits"
# HISTORY 15=arc,tilt "ALJg210252.fits"
# HISTORY 16=pixelflat,illumflat,trace "ALJf170183.fits"
# HISTORY 17=2026-07-22T13:04 PypeIt Flux calibration "sens/61208.1151.fits"
# HISTORY 18=2026-07-22T13:35 PypeIt Flux calibration "sens/61208.1151.fits"
# COLUMNS: WAVE FLUX FLUX_ERR
3504.118149346786 9.525623324249457 0.028072817457343118
3508.2913819166765 8.86305328871316 0.01475573153037536
3511.0787194861205 11.695941987359706 0.014923812400130057
3513.86793909714 13.276532247862615 0.015281551885649638
3518.0597267974863 2.5531585968644364 0.03295457365380721
3522.2464755088204 -0.6867123198267663 0.01898908535030783
3525.0423932162216 5.475167604618141 0.018755535713009586
3529.244959770436 1.9254897452371562 0.040520687200464214
3533.442204699987 2.0291633586068394 0.02195954025216778
3536.2457698391863 5.408329424650298 0.022376684583420993
3539.050922115776 2.834650087654884 0.022793733493452355
3543.2670964176814 -4.06708324866638 0.05053960011449963
3547.4771491411434 15.165617748521255 0.024454257010644853
3550.2895056101875 16.156385898210882 0.025828080735743716
3553.10354767476 0.06438588908051637 0.028194807961459723
3557.3331964481204 1.9050958898266994 0.06152111362494807
3561.556323798393 5.475536047563378 0.03102334708803442
3564.377424045729 12.003322527518156 0.03184964274577349
3567.2001704757354 10.136868113133236 0.03214051082178613
3571.4432178603306 0.2640336815152666 0.0757275718858519
3575.679158172568 5.5509024339680435 0.03814872842365184
3578.508991624471 13.70092963871299 0.03707909975999758
3581.3401800293873 12.907866839894224 0.03861616740289691
3584.1738268961903 -5.859106852784254 0.04905440387762875
3588.432750344475 0.2547212823432389 0.09463628658373024
3592.6839383325387 -2.7984835502029517 0.05423970098826362
3595.5244335617767 1.6471703488756866 0.050457626725887314
3598.366082481219 -6.987810528031279 0.05935967273326642
3602.6383227529323 -5.695046730762411 0.12114828422860008
3606.901464279165 3.231042512561641 0.053607277030919935
3609.750841310917 1.3126030684304986 0.059710331847709755
3612.6011064767113 1.759863813945684 0.06241497741042902
3616.8864534807053 5.035288891336419 0.1275730010983712
3621.162702355131 3.1949151980082977 0.06791187106807552
3624.0199808989123 4.304785995422569 0.06653024593383894
3626.8789192998393 -6.38803384972651 0.07777551104942033
3631.177231729076 1.4662616244748337 0.1563159313578095
3635.4656372082054 4.762704077826095 0.08151439967880397
3638.331366508785 3.909877785166843 0.08182279435638716
3641.198827370267 0.41877880532220524 0.08752916939910976
3644.067688519342 2.968866286207332 0.08626982396027785
3648.381860405753 3.938383918975664 0.18423790466772552
3652.6848799938543 1.8521972190501177 0.10514035065085647
3655.560701927742 2.5447450039742763 0.10413248969528545
3658.4380379997847 -3.4667857128828876 0.11359069513771738
3662.765060069542 1.240768066697805 0.21885146743018652
3667.080052112755 1.3876820770252667 0.12120888967844988
3669.964111100196 -0.28428805001849866 0.12429490653088349
3672.8496564896554 12.31193038645308 0.10934952267079386
3675.7366306835106 4.274988717120699 0.12589204381197894
3680.0798023124503 5.169771154711525 0.25504347255502985
3684.408673719897 -1.2448810959789565 0.14714275447059097
3687.302551296909 4.103346872878314 0.13641012467730854
3690.197989771403 3.017546964735906 0.14554003276630598
3694.5540032164445 1.3601954047810467 0.31049503415206736
3698.8942542270674 0.3822414415120897 0.16098050761545588
3701.7961437327376 6.777137459949416 0.14905037797829884
3704.6998418181524 -3.5751793187410255 0.17753746858624406
3707.6053674114055 1.6982304676440612 0.17223717321759688
3711.9766873496214 1.1114483509111932 0.3787334218231363
3716.330565901791 -0.47536414450420317 0.19795171344973853
3719.242363638463 1.1973305428253536 0.1970233910686832
3722.155557404351 2.406180795678913 0.2000425473699961
3725.0704959698546 1.7384014743937117 0.19986418527991087
3729.4578869632314 2.627420103778634 0.41680025239763857
3733.824847904329 1.9609950547762187 0.2289034246743946
3736.7459801049913 -0.2516055733561162 0.23276014447849416
3739.669102005371 4.878559738330814 0.22919772727629656
3742.593450360142 3.0751987881630205 0.24116964497644436
3746.9959871874335 1.4744788387107466 0.5153884998380784
3751.3765004024053 2.655806560933149 0.2716238278182447
3754.307256784769 5.633930319131606 0.26555714063683894
3757.239732615838 1.678444628742445 0.2787948331593519
3760.1734385476893 2.0753221684360277 0.28020972926152854
3764.5911870414957 4.449061178007881 0.5872558115514125
3768.9847793209005 2.3321085539519038 0.30352974377985203
3771.9252724996545 1.3134357056626138 0.3306386347368905
3774.866692953155 3.0167741944861652 0.31166185467269325
3777.810079686453 5.904922807513175 0.3149723364680806
3782.2425447113774 2.679958571608299 0.6741157479043859
3786.6499515301757 2.1565402959431887 0.36599279779606525
3789.5987647326974 1.793749821529544 0.3796677217743582
3792.5501078672373 2.734426078425152 0.36862338013821305
3795.5028151234396 4.074549358821459 0.36952899589227045
3799.949576850253 2.679892660086359 0.7989833343877928
3804.370191175513 0.9201893482392364 0.40975765488543586
3807.3286446699994 1.6602161898415884 0.44161167858154915
3810.288835561989 4.154900154073423 0.4074080839379876
3813.250829011437 2.0208507629813606 0.44249350597813325
3817.7117227918598 1.6094077606591315 0.8988353753999957
3822.1452273221753 4.25007561156261 0.4376557579253447
3825.1131477045674 5.518657073847991 0.45744856291415303
3828.0827026324587 5.185151031542483 0.4433226242959038
3831.0537512965134 -0.975925914903114 0.527703030663136
3834.0257496829345 2.7004090668897347 0.5052915534073963
3838.503071632259 2.112991211462353 1.0619484773232235
3842.9524705807594 1.1135860349969688 0.553352474375087
3845.9307670806497 0.03853897996040896 0.5920492936869357
3848.9109501837393 0.6100373529223481 0.6213035747987683
3851.8924574766324 2.5609381894012317 0.5830946552993796
3856.3827839304868 3.2821182729704654 1.1967578256920648
3860.845949506189 1.689484514178359 0.6497207840774877
3863.833267395334 4.646978779880213 0.6041093569750897
3866.822292233509 3.9176272836919015 0.6446109807490213
3869.8126570343697 0.987119724606386 0.6877700775227908
3872.804381985272 3.1918539286224705 0.6557595552485882
3877.310066410807 2.601057109230677 1.410425716015565
3881.7890336334067 2.4679196684358766 0.7193556812678096
3884.7866554229304 3.5206967319077767 0.7158152228088029
3887.785944273466 3.135829575760837 0.7483723233725418
3890.786558957691 2.7122866693380288 0.749257076995149
3893.788487007152 2.933826892419931 0.7951230980293506
3898.3094602012593 3.338809881223176 1.556742964903502
3902.8043678891995 1.6522782526419908 0.8263957310341796
3905.8119692560517 2.4187415425737626 0.821278573380285
3908.8213671621265 3.14472553229573 0.8209155509679501
3911.832181122495 2.732974372893267 0.8326614759153885
3916.365507773651 3.654200976614521 1.7126420678668546
3920.873507154996 4.82686816398862 0.8621604381246387
3923.89027780119 1.72441073152772 0.9777240786017731
3926.908608141431 3.554682595278146 0.935835746515037
3929.9274708631174 4.048149342602565 0.9719611443822073
3932.948706151833 3.8275527064712094 0.9750622757012957
3935.971435911396 4.140815015430206 0.9824732442027426
3940.5209225654116 1.8286898700793954 2.1121040233909563
3945.046779695083 3.5618696570783435 1.0337621344861472
3948.074681839917 3.990702432749433 1.083577289357208
3951.1041115887224 2.2629322503043925 1.1190122478320728
3954.135131573301 1.943322629710959 1.1526334672946068
3957.1673711048843 2.654702444913105 1.1160172789076086
3961.7317749305003 3.2853883235140455 2.3158317946744345
3966.2726640414107 3.412271827602194 1.1891000378165584
3969.3106377243766 4.542005919209663 1.1663881836402605
3972.3498323595154 2.597744676711352 1.2973869196606032
3975.390664970377 3.8261395398374507 1.235593853148729
3978.432778570502 2.4769240538897885 1.2830192653220938
3983.0115147633715 2.7194219429566027 2.632107001067175
3987.5674901175994 2.698642198427444 1.3523552713972435
3990.6151459445755 1.5315331986967935 1.395102787905626
3993.6641075568155 3.9058897192354456 1.3449570580484915
3996.7147407351745 2.448406494901148 1.421310481997997
3999.766404630565 2.9801832740090473 1.4523340802125546
4002.8194765992916 2.774593814143372 1.4662309322026188
4007.414428845803 2.3404807202831597 3.0378065676775545
4011.9868410059703 2.5300260072691985 1.4876768436220036
4015.046075342343 3.651704234996696 1.4934308007194323
4018.1060397496217 3.820693363770861 1.4534740690767092
4021.1673727657017 3.0565665031597917 1.5696648417679482
4024.230123511337 2.8925783574762765 1.5279686723665944
4028.839099956857 3.4958993371212896 3.1349411124108766
4033.426416424073 3.033333452789465 1.567115704094207
4036.4948075111542 5.281524091537476 1.4822590440833185
4039.564289500154 4.6713296719432735 1.5480762787780051
4042.634981450754 5.073098161723209 1.568034084003258
4045.7074275301093 2.4093602363749587 1.7267732303892638
4048.7808012303535 2.6221643781484554 1.73151053076835
4053.405430026306 3.66037876990508 3.401477317458413
4058.009676330603 2.4035609813161507 1.8460695898688277
4061.088348325509 2.519573152770953 1.8570973777833844
4064.1687585355185 2.8786868405393946 1.8325541134036922
4067.2500279345895 3.5247373472155203 1.732712330128348
4070.333020027049 3.3161782119167276 1.7543445164913927
4073.4171185792034 3.9909677920530195 1.7878015294144824
4078.0574843410122 3.7293226026733826 3.6324991975947314
4082.6775223514446 6.423873282529534 1.617716036294028
4085.7669855700724 3.9026190621657495 1.8665549164805249
4088.8577576271805 5.728857717038158 1.6700420318240683
4091.9498812335023 3.9689069655958047 1.8336841395836792
4095.0433316617923 2.7495270325924883 1.9393545120518876
4098.138110600198 3.9658996430637607 1.8577367265239288
4102.793790851621 4.8949236403933645 3.8541147534757605
4107.429861590928 3.659658511281798 2.073402761619924
4110.529753006776 4.022105652917093 2.0286863943952036
4113.631077082945 3.1521773216773092 2.136894282026606
4116.733530572295 3.289015885904936 2.1435318471105576
4119.83728472907 3.7836679533876403 2.14368004333408
4122.942259545464 3.8769563522215433 2.099470086894561
4126.048600070818 2.936774712328394 2.1876225578311437
4130.721519871393 4.014618279510598 4.334901423385766
4135.374856588964 2.263601863725135 2.3634353107675303
4138.486573933837 2.950655232892376 2.3290584698438255
4141.599367572388 4.105094854145956 2.163827678279855
4144.713502682676 4.22123137280068 2.145167719290959
4147.828587576305 4.838071524674405 2.1379696171378937
4150.94525605073 3.911571270060908 2.296129545758669
4155.633237389233 3.644110661468149 4.599956731239066
4160.303221134061 2.6216859674054325 2.448081534290384
4163.424040482305 3.1610012747995855 2.3994123937548255
4166.546748677955 3.0619346612665135 2.2975261636705886
4169.670859766084 4.1739634015833165 2.3102752997436493
4172.796165701615 4.714373858401148 2.2730230300694956
4175.92276466855 3.2897818420306044 2.4757727174856714
4179.050523022509 4.637472457493561 2.337069330300131
4183.754924462317 4.348540417604182 4.77605988168471
4188.441435892166 4.593238690034808 2.470174267649374
4191.5742394888175 2.5640956350128987 2.786893779439957
4194.7080792586075 2.984196405365075 2.7152989797066462
4197.843644658918 1.7270515582001498 2.9960855013898544
4200.979581352837 3.102664107657034 2.889734609606245
4204.117782891232 3.041435014590642 2.950018372282156
4207.256669515776 3.294781825709594 2.7945345690461365
4210.396957185708 3.4275858526663017 2.8744124314420914
4215.120311029838 3.638828848886179 5.684273361823773
4219.824786702889 4.184337470518009 2.8382474728906875
4222.969947683101 4.093558627039232 2.80791914689871
4226.116485423169 5.092664918502194 2.692114501181688
4229.263569088609 3.6575867090184087 2.7294160271170878
4232.412230731471 3.305168057791932 2.8740550052496157
4235.562351340421 4.750842371605782 2.739249461565817
4238.713203765846 4.360819694766056 2.825745894713408
4243.452751090816 3.680791143162681 5.761571580931564
4248.173773569889 4.867913577962534 2.7667875143179255
4251.329839871033 3.7976141783387742 2.9342518916668596
4254.486918434342 3.731946426268997 2.8813196734585667
4257.644764244427 3.246588048890289 2.9992310370170654
4260.804674319397 3.543792104523783 3.002828917466498
4263.9652774614415 3.724998490424286 3.0084619072509207
4267.127210906303 3.0061239842795238 2.9516493803415673
4270.290189133954 3.176205777986122 3.040128373474478
4275.04666837268 4.311807966430064 5.924159041065823
4279.786501161048 4.771077963515232 2.872605926155045
4282.954215198803 4.592363921852853 2.891357646891229
4286.123509098697 3.911541327273107 3.2725505519656863
4289.293308629718 5.424370714756883 2.844533256928406
4292.464625822797 4.776559670386095 3.1257481131313387
4295.6370039805315 4.508806033256586 3.0237122687164875
4298.810653242371 3.7514253436663023 3.2075503393921743
4301.985261460442 4.706202381707205 3.227189415038092
4306.758596503594 4.311615468879664 6.331013675146101
4311.516722418497 3.366521311642134 3.4749909348537646
4314.695950139884 3.756518895210556 3.337978023126148
4317.8765844228155 5.162853666440002 3.085350201948556
4321.057794903284 5.56393608365467 3.0656307825344045
4324.24117652754 3.8393894755585576 3.321578097591851
4327.424871909655 4.770307243417801 3.286366917929994
4330.610319598033 3.8887361562089766 3.404523426246759
4333.796659777229 4.309873355123185 3.4028862898407652
4338.586297231002 4.716682313660426 6.927466472476746
4343.362364367303 4.2455269634753146 3.667990877020403
4346.553076088565 4.264977404038553 3.5579057450208627
4349.745056751395 3.034301222012067 3.8497175391412086
4352.938296104123 3.5530474370808953 3.7630482240174556
4356.132450780744 3.0423686387278726 3.840643881487658
4359.327860111185 4.447643405943501 3.5380035698139682
4362.524244259796 4.141962266045208 3.6646692803720193
4365.721771087679 4.617342301291981 3.5094629900344296
4368.92063253421 4.543839618210204 3.6176209585742383
4373.728042158694 5.116056953346656 6.971253567356212
4378.523375713169 5.341781670002691 3.4369450085964406
4381.726534360295 5.602268923092737 3.412128927653549
4384.930819972353 5.139126723543048 3.434498080549077
4388.1361890717135 4.759633269889489 3.52743113634722
4391.34277010626 6.239415319237743 3.3065261426305876
4394.550265601641 5.720922129430327 3.47615508691679
4397.759119917927 5.140084959277565 3.520928729825526
4400.968897115218 4.933649449731924 3.562352882830095
4404.179590035858 5.935607350778371 3.419438809341699
4409.004751056954 4.423987152174302 7.368309384097054
4413.818981719706 4.183492995239415 3.7336318907091215
4417.034149864036 5.0134026923449175 3.670553147836386
4420.2507649266745 4.259384772714184 3.8435603417511
4423.46819759195 4.998469253846943 3.6985984070200195
4426.68657833371 3.95162819452708 3.8753658879553448
4429.905922739259 4.387612883654886 3.8408818978591652
4433.126907246399 5.236076335740926 3.6547574342446207
4436.348691204124 4.368737291459243 3.859553349339646
4439.571706329588 4.955179497558743 3.8517672122921103
4442.795534480791 4.747941117556644 3.8794970361547105
4447.639404376161 4.302421657720096 7.959292824088633
4452.473683258294 4.64565564786241 3.938098286877709
4455.7017731711785 4.443225939316329 4.060030464990573
4458.931002652178 5.629443994521619 3.881584601020448
4462.161303731615 4.984628413165035 4.060716373398747
4465.392657969367 4.5776409494634205 4.182212548478148
4468.625093996787 4.382000586897266 4.1572502636072315
4471.858631984103 5.20903534642413 4.022450827195859
4475.093107895353 5.47252290637955 4.086899508384706
4478.328604115762 4.147575627700919 4.443702983934529
4481.56527618325 4.063552579899989 4.56253395683789
4486.428405796664 4.366579606421505 8.842844002259001
4491.281414548379 5.508982445997081 4.1506657420035555
4494.5229420316555 4.534806762030337 4.26213135581203
4497.764330317632 3.922425188402641 4.5571968601306585
4501.007181149162 3.9636425776737756 4.5481662175716915
4504.25107012962 5.429147086284873 4.208679670196404
4507.495450639882 5.104070311579236 4.289529726025763
4510.741900176676 4.898563410732463 4.235124569416813
4513.988750889498 5.047518138882926 4.350940592633865
4517.236982078701 5.07493420231144 4.3503078560235995
4520.485787443127 5.0137257622006 4.3557771463465915
4523.736189908605 5.72452589020359 4.210935255116734
4528.618934495153 5.20922599104216 8.505473607831675
4533.492845178654 5.293307308130567 4.388120498762752
4536.746593706094 5.617550906637754 4.248255957439487
4540.001804070512 5.2333953150867805 4.207805658540756
4543.258169310249 4.833800750337131 4.366359589389812
4546.515325272994 5.874194726794387 4.175555416108268
4549.77357305247 5.582103833577899 4.29428217257194
4553.032830629519 5.388974636767227 4.460020540837775
4556.2930633692185 5.059669229039859 4.505372387736823
4559.554183086756 4.628023399310151 4.759288840869176
4562.816469175011 5.322056699821953 4.480796470773596
4566.08029475516 4.9138016747909266 4.624270047213634
4569.343986795257 5.477393106241916 4.595318461544994
4574.247327728712 5.41345236923625 9.349434912558799
4579.142586768171 4.579929734693296 4.81998667734152
4582.410849160864 5.897857600222426 4.455510605003414
4585.680037822198 5.211823403921908 4.662670799882824
4588.950191546877 5.174560636458703 4.769780573243614
4592.22137322286 5.296905782927278 4.714865607346827
4595.493113963772 5.0983414850027815 4.956059431599667
4598.766618724473 5.506668826556336 4.732326284593857
4602.040872139311 5.020822377594463 4.929652131551039
4605.315790568322 4.843258604276702 4.873383377825721
4608.591817911938 5.558589048798047 4.906225165108862
4611.868810503687 4.274742097568432 5.150280870114092
4615.146965321851 5.412005448461558 4.842978834214251
4620.070379064554 5.172099203848257 9.81253147807081
4624.986665944833 5.178192229836507 5.153169924879959
4628.2686254110695 5.581667201517535 4.754233301786472
4631.551300586217 5.618237153355286 4.8556869602570405
4634.8352009927585 5.616672490547165 4.835791092423473
4638.120434404099 5.206602487023598 4.999334418255329
4641.405253911565 5.238258062237504 5.07765923543953
4644.692150492195 5.331786020317039 5.047510414186351
4647.979705363542 5.374856526739055 5.072335812120756
4651.268633170229 5.414204427198463 5.0344251886105775
4654.557907563951 4.779014987194791 5.317029420816715
4657.848665681876 5.146547632519878 5.167906121215731
4661.139737846472 4.868800029770579 5.169438341657685
4664.432083714765 4.579891045771537 5.228076325017495
4669.376287647196 5.812903840905706 9.735057519673772
4674.314780077694 4.778228076987126 5.274873087560629
4677.610815438586 4.259158080977755 5.503585622442314
4680.9078978002835 5.080308604752574 5.189929378840972
4684.205930326947 5.619824415919905 5.137685899755959
4687.504461971313 5.022267231316827 5.26879552247474
4690.804514743463 5.459638577047444 5.151770184937708
4694.105038842925 4.211960495221415 5.674909506316625
4697.406601888864 4.982440090837895 5.215186537727421
4700.709595450704 4.761032089766105 5.431546711264059
4704.0131319586735 4.203574076298101 5.6837793423997605
4707.317412004592 5.080876455177846 5.343338199181317
4710.622717289603 5.39005194640244 5.260446254359982
4713.928846469929 4.58217690197696 5.772116437850326
4717.236445580739 5.201723189662838 5.440096077944745
4722.203043303549 4.85440262023277 11.198436316220551
4727.163381516182 5.046392831366313 5.536827735641162
4730.47421291499 5.357257715109869 5.488835565137271
4733.785937672272 4.84693467559196 5.640622070890505
4737.0986576353625 4.904363374486151 5.749209854019553
4740.41214459378 5.049551351205236 5.708627978725669
4743.726503415176 4.513945549166761 5.828830780105249
4747.041795499066 4.718110316936111 5.7553833421660086
4750.358059049459 5.509385957334564 5.638064409535188
4753.675265064531 5.489411163701998 5.521022414839583
4756.992817693634 5.165190734516463 5.8624550728518745
4760.312412701313 4.523921609865808 5.978649724009601
4763.632088346739 5.4954111795422405 5.797791513201333
4766.952760118091 5.3103886320542415 5.778003694148658
4770.274138275954 5.2674816631649115 5.983022419420853
4773.598307679441 5.723542756634552 5.721956752365612
4776.923510690235 6.085465158150525 5.545281290014047
4781.914107568747 5.192670319952084 11.996211539960273
4786.896570942678 5.651002722887199 5.965246367825053
4790.222267951717 6.285149257128159 5.454304519504844
4793.550028197669 5.183120078779274 5.881227041544323
4796.878550599411 5.085428661716623 5.876401972053131
4800.207992468619 5.886135258981433 5.750150729785181
4803.538205394578 5.77613458794394 5.90499923869784
4806.869477769285 5.756746838780924 5.903946445193487
4810.2015952536185 4.688375446169506 6.183318114957882
4813.534514780738 5.008867116912674 6.108063567734538
4816.868947222525 5.376749768654307 5.694657922304338
4820.202886459329 5.271401744848702 5.942138374394945
4823.538635219706 5.540325368374765 5.836048412742773
4826.8749243744005 5.731215345158254 5.7546991746009235
4830.212168261363 4.824255273154138 6.1205214565579
4833.55019342072 4.860278337922264 6.061333566784528
4836.889188639856 5.180744617968738 6.093327654548831
4840.228990870271 5.577661027188321 5.890208645769285
4845.243911362161 4.758644337264725 12.38346383360802
4850.253311971552 5.485478292638865 6.142181686906609
4853.596575425483 5.424150023996941 6.121217082245833
4856.940605559123 5.369210090737989 6.087057957268694
4860.285353098421 4.915873001091785 6.468795523996603
4863.631126732698 5.616830366774954 6.180752776752705
4866.977658321873 5.495760858363904 6.135822256087318
4870.324970824149 5.041143250800024 6.279271022855085
4873.673089214842 5.128897193633291 6.339409626707252
4877.022313716253 5.482682228375934 6.177799345459359
4880.372141224034 5.567792454631139 6.085609423924239
4883.722705049521 5.794778015925168 6.116211119324452
4887.073982075587 6.125055916835523 6.244970294797661
4890.426593176779 5.0889318417039915 6.466288795025237
4893.778908391924 5.710669967365299 6.0972983628113795
4897.134405777574 6.140554112751034 6.007886594853594
4900.488595539243 5.363244710287968 6.340548468058297
4903.844146922766 5.807585221649004 6.173117127813856
4907.200537102257 6.234287799936401 6.169889007318321
4912.240179139731 5.371673481239673 12.937198528992706
4917.274728980035 5.756801206672076 6.376782623886893
4920.634450675472 5.701484969395499 6.403112382352243
4923.99470989091 4.580436860544891 6.919576564802181
4927.356205614851 5.714109127614633 6.393598974258461
4930.718787098426 5.552577293415029 6.532582877484759
4934.08120851195 5.802563165572763 6.347279885015271
4937.444830003351 5.305043403265404 6.5720129738625825
4940.809209945809 5.796949717882547 6.463612909946946
4944.17494373078 5.2600354800280575 6.697925113189127
4947.540893570732 4.8680645736319486 6.670500661261062
4950.907799421895 6.435013354923724 6.163178739522273
4954.275459164605 5.43790728622968 6.579611748041077
4957.643936451966 5.810099647652105 6.352596462232966
4961.013242067362 5.641876900886025 6.512138615065705
4964.383381116797 4.889026660673692 6.776045059293001
4967.754060531998 6.138886324307905 6.4290782564617155
4971.125762086101 5.869358416192578 6.482068472754579
4974.498217527923 5.620139011486681 6.664730694872718
4977.871409378352 5.202886549360028 6.774725963098922
4981.245523959613 5.307544303264093 6.876053339085062
4984.6202503125705 5.874401833508739 6.655020199971727
4989.686707729613 5.445471331210879 13.707990799370318
4994.74918248193 5.029784818017566 6.937432206601653
4998.127023826438 5.410295576799529 6.73459195406241
5001.505548413243 6.40832447051812 6.47348099228595
5004.885016745441 6.13296221274522 6.538395055810326
5008.265236848912 5.946304750958497 6.563237382117532
5011.646116389905 5.356975439925788 6.752105166273338
5015.027835869658 5.978463886514305 6.761533436909087
5018.410285091643 5.981063629433382 6.685661314621316
5021.794158495113 5.271409862203918 6.960077307411341
5025.178057366971 6.305259807606641 6.712582663133193
5028.5625895366675 5.890369695050823 6.537485865627869
5031.947784258362 6.033801773028711 6.595047502560295
5035.333897860494 5.889535977857766 6.8337043046557735
5038.720275199355 6.095336806385669 6.567321204889243
5042.109181073883 5.336755363065613 7.081104454582243
5045.497222247848 6.079338194000643 6.9655587858343635
5048.8866906554495 5.949870817724994 6.944506581690013
5052.276436686309 5.297805302825583 7.180781942509348
5055.667472326469 6.001206609289358 6.798634920849677
5059.058433017063 6.234119415135527 6.91274045090755
5062.45058884471 6.0976692369327194 6.7126349922657536
5065.844194473963 6.662469707486741 6.656390319960014
5069.237975992238 5.8444936601978466 7.00878395601281
5072.6324062046815 5.929458548031713 6.948575318139196
5076.027714432666 5.807451194026991 7.138474936176939
5081.124303750609 5.759764850567825 14.23779378551306
5086.217582653602 6.118175263111971 7.000183213410842
5089.615772854223 5.736446713924147 7.187299080846421
5093.014648570704 4.674299224145836 7.590859668020706
5096.413866266016 5.3826582066085775 7.426010115237949
5099.81463136861 6.027055319998283 7.23447600161488
5103.2158378144995 5.448140057598527 7.492009170414913
5106.617803149398 6.182724070606793 6.894563868147615
5110.0202249327285 5.963662164427584 7.206553660237057
5113.423164388653 4.880798071816907 7.58823506028331
5116.827099731762 6.5390185662551525 7.02852585583535
5120.23172152692 5.53295790234083 7.48887956413719
5123.637309203637 5.406701458174829 7.426819134459006
5127.043660236214 5.2530601449637455 7.405850796149046
5130.450151149796 5.376115601824012 7.295421714380635
5133.857647595555 5.525893699870362 7.542784149974902
5137.265784996173 5.134377890927402 7.5368988095191405
5140.674840562653 5.78949980864734 7.262403650918583
5144.084317201127 6.129087059095955 7.073678024130463
5147.494670698342 5.451612757463345 7.426812584416545
5150.906274107741 5.470033655488845 7.449537439434079
5154.317617637083 5.350204654670559 7.412355181311752
5157.729979203252 6.0873700951337595 7.3218590071848
5161.143345724458 5.466908941277116 7.67215313513682
5164.5564028230165 5.581510812267073 7.602531318295444
5167.971007308669 5.075565674168474 7.883258026087251
5171.386771278814 5.376512618485523 7.795202807076531
5174.802680357989 5.193603806510512 7.8360041109326835
5178.219508669849 5.608473125563326 7.755695841671014
5181.636916230748 6.063988745535745 7.320790812385547
5186.765640801101 5.625265322050089 15.3324166120271
5191.892988706734 5.531923138721361 7.573846745119614
5195.312796844671 5.122676059061391 7.638213774762092
5198.7336719479845 5.349471763922866 7.433124168434866
5202.155187957627 5.566505164561638 7.3714693136476965
5205.577247013906 5.78019763316395 7.312717267850177
5209.000045471336 5.661521904259119 7.366297594184744
5212.423600311543 5.470857039693015 7.8483577652119685
5215.847821548523 5.405548097372325 7.673286560730451
5219.272463346839 5.405600587106434 7.785816552238024
5222.697753395812 5.7756357370694795 7.661603151557297
5226.124355473157 5.221230020426688 7.804086557298111
5229.550852921276 5.06200202706023 8.048564915399822
5232.978554428222 5.294282397214389 7.936373342187521
5236.406832692556 5.302495682456577 7.87590219421398
5239.835654239766 4.743344426245605 8.369382909419437
5243.265130317747 5.482518689032166 7.9709947215252335
5246.695178152433 5.421190543052704 8.078814240499904
5250.125987881234 5.3080873136667535 8.06736428948299
5253.55772606804 6.099845104650437 7.587366399275167
5256.989790354783 5.937482686991257 7.797386681840526
5260.422555550788 6.003071930944536 7.805004855213887
5263.856251089392 6.136543564707367 7.852157863026672
5267.29031563337 6.412939612144584 7.776464585646712
5270.724988352147 5.931028294714585 8.041348473308588
5274.160460509797 6.2610165749316735 7.598131603427191
5277.59630036628 5.600026389878223 8.15673288128252
5281.033467268945 6.3452803575856 7.669126633600744
5284.471113369774 5.8758118978834935 7.959349002469652
5287.908752180958 6.208452725313762 7.742965524061578
5291.347655653406 7.023751099823016 7.485641745292373
5294.7868860040035 6.438448141368974 7.773585508651353
5298.22718801233 6.140825122879252 7.810827305379573
5301.667504389491 6.579304637490051 7.583683549889246
5305.1087872110875 6.4302913430999835 7.654113934008139
5308.550461987821 6.88179383989804 7.590479358846077
5311.993153340603 7.058599686607806 7.459938456926493
5315.436469941246 6.616858605044829 7.3421916873415665
5318.88017266154 7.321608967630636 7.2016158350820945
5322.324589243361 7.321887363348475 7.124419798514122
5327.493925850959 7.693302447300662 14.36001359890604
5332.661694658779 9.011859336655727 6.57070945018708
5336.108699507064 6.953540949151611 7.496960984469018
5339.556375183811 6.829519646745045 7.581763303191009
5343.004483730056 7.264489992018209 7.37566824719078
5346.453282616461 6.510964278075407 7.903473439141549
5349.902814349998 6.383410480739147 7.949362741537612
5353.352781254247 6.01076100282989 8.299500595176172
5356.803704775136 6.30640867283866 8.022622462882605
5360.255055387959 5.641550490854718 8.277248574139344
5363.70686551691 5.495237493242072 8.475377238850315
5367.159311110281 6.581540886610479 8.05065822050573
5370.612680739026 6.4000026190985 7.9505080934584695
5374.066471043049 6.279335955114628 8.021131906636802
5377.520538305787 5.827652246192631 8.441845674325934
5380.975864575835 6.576779062162926 7.917545484048908
5384.431605985789 5.2511854865778265 8.843291399848836
5387.887117030905 5.908016222582216 8.346815814742758
5391.34496261363 5.548691708618696 8.724189863006933
5394.801941940018 5.762971315475879 8.690468091735864
5398.260185476116 5.606760164454959 8.62952448373598
5401.718814402389 5.780212498810908 8.451691489477497
5405.177906315423 5.835911751491382 8.492777124576714
5408.637975741994 5.390002578110099 8.731785634450416
5412.098294118349 5.741474501957315 8.729833108339733
5415.559348388347 6.620209732043593 8.238249948405194
5419.020793118354 5.747189155536699 8.629650029113366
5422.483377939248 5.368699063641187 8.76962074931316
5425.945983336114 5.824396978883319 8.579125347510375
5429.409353349241 5.556498871345495 8.777029177750236
5432.8734380668675 4.8504340532353325 9.14082179729042
5436.338331720534 5.554606756064673 8.782078536330735
5439.8033745923585 5.648590733516683 8.850386742594875
5443.269057549337 5.703171963079997 8.964401120124192
5446.735451944442 5.274683505249897 9.10403001952849
5450.203181908342 6.210624563865802 8.693276608506848
5453.670237483091 5.404232217949231 8.968872252540333
5457.1383329825785 5.038174495327756 9.138465321934559
5460.606853130342 4.397799045441372 9.90845206332018
5464.076307249317 6.007926144453612 8.924088449578434
5467.546212408348 5.359465083413645 9.055697013253734
5471.016721703814 5.218931422364612 9.106289714158848
5474.487538897831 5.998360509600772 8.770275867468918
5477.959321102214 5.030425697288276 9.253079432368905
5481.4315268073115 5.0613065688091305 9.319390927323317
5484.904234886977 6.018189707002046 8.528804130846321
5488.3775135702845 5.624623129473263 8.730495831002882
5491.851370896325 4.992114928396218 9.243134015754723
5495.325941469741 5.659676407034553 8.85447672978872
5498.801051309982 6.032434252672506 8.849369704034748
5502.2775092197935 5.489057333333934 9.06731796616242
5505.752119373519 5.970105763786161 8.8326269705158
5509.229518642806 5.864957161714431 8.676886164508758
5512.706820406093 5.936225010677005 8.828271942350968
5516.18530614469 6.272989936708274 8.738730545231016
5519.663143281456 6.306614790917392 8.62937655035224
5523.142128415978 5.827202352876557 8.977195989566667
5526.621667110948 5.602744322670212 8.869677519916694
5530.101826948287 5.541516054409581 9.110350031519955
5533.58300051672 5.434984031509765 9.209203365015595
5537.063227317308 5.1790045096198405 9.398889483073068
5540.545404446738 5.934119635476166 8.88799983329994
5544.027673931494 5.88542092928316 8.727282704841196
5549.2528390835305 5.420539003659611 18.28251343412247
5554.4779508885085 5.779549070269065 8.909272622508707
5557.962503108245 5.337613544366424 9.064991747066784
5561.447879971099 5.095476929802963 9.206120416783504
5564.933127147317 5.7066387054656325 8.81373547152592
5568.41935076224 5.530093062100121 6.556222110162715
5571.906165625794 5.126326958346828 3.2410814524473603
5575.393377235679 5.097349267224504 2.1877746347961344
5578.881215310956 5.398565379965425 2.116344711387282
5582.36951552304 4.385168791001646 2.173817694991121
5585.857685377649 3.6371437368092616 2.7667676962413656
5589.347835519699 4.5879442566008395 5.807503173851082
5592.837549310358 4.887054972412827 9.690864147194103
5596.327783615124 4.49782787268183 10.037806837877476
5599.818925487766 4.75556928369815 9.707537284390746
5603.310452279943 5.142743119909278 9.371929216681876
5606.802384365832 4.516796988694379 10.016166804937283
5610.295070583003 5.436517006944071 9.240274059579479
5613.788259851865 4.748129519841818 9.629738895143168
5617.281715521566 5.240251793441474 9.466249972978288
5620.7760603030465 5.637176057652366 9.182026654824933
5624.270788504546 5.556733291494221 9.220260618976416
5627.766090550673 5.007744930823069 9.625507552399162
5631.261483559309 5.415848041455194 9.5924827196592
5634.758100838814 5.479427222446081 9.231714676599571
5638.254846236588 5.1477390096811755 9.77644325832948
5641.75214085762 5.379729040988635 9.51544822535418
5645.249202619865 5.346651619281409 9.641427990648639
5648.748183139933 5.555067634715116 9.453587396233061
5652.247269090156 4.846460878948469 9.715248978644619
5655.746661662911 5.132189543722785 9.79507672797571
5659.246529792202 5.532389629254743 9.40159159414345
5662.746810475771 5.46476816469131 9.696736546347685
5666.24791522745 4.634919450081629 10.200676418103521
5669.749182426178 5.028551155195901 9.876977759262978
5673.251187994706 5.4491481449602075 9.46659740091299
5676.753755287555 5.51831579719814 9.568772619508623
5680.256164386488 5.411259731354453 9.602304691728161
5683.760126390205 5.227835907679647 9.741123545431071
5687.264080209795 4.93864668568591 9.817030559455349
5690.768575627738 4.987214412462374 9.75919121397215
5694.273508756688 5.648525627234675 9.30536796740803
5697.77885198994 5.63481580907202 9.530603232140844
5701.28495546602 5.165261395939543 9.565330944473818
5704.791427512991 5.3919482905123415 9.660428614861894
5708.298520025625 5.5097672219736715 9.479418801385139
5711.805968231465 5.353197190785315 9.564997123579001
5715.314018506386 5.544348062300979 9.498534004656646
5718.823198796892 5.100136113319634 9.5005270600128
5722.331376864029 5.114994277563135 9.677527775469642
5725.840874093393 5.478099256766901 9.631235876628336
5729.350853020904 5.178955700512361 9.868617835128395
5732.86016256137 5.950307503531716 9.108479315625653
5736.372106625027 5.525550318360274 9.669430712058116
5739.883545615612 6.15362848263456 9.092920350764638
5743.395573273021 5.867367602334391 9.289603085479486
5746.907913372587 5.914941483884711 9.3156388636222
5750.420661424672 6.123875095408917 8.960762393761087
5753.934297360319 4.9871321056578095 9.941265434598666
5757.4482024692115 5.383239652709471 9.694013608370556
5760.962331610799 5.569854911971678 9.625560598738568
5764.477244433201 5.3417092662101 9.863624975132149
5767.992791288698 5.147231786879287 10.023981023564355
5771.508236957725 4.981504312943101 10.149848987231994
5775.02469686875 5.496058024387625 9.844406138533364
5778.541007457533 5.214245854787631 10.081367441519092
5782.058644967569 5.087777852607226 10.03900231112737
5785.576411798169 5.7086231224471335 9.39369753500221
5789.094558054905 5.930828128569668 9.41551682014259
5792.613231196004 5.6928649295983655 9.407187102242029
5796.132251477457 5.937198276323424 9.537795489776304
5799.651921915351 5.039185172402116 10.150451688678551
5803.1718373323765 5.162408143627824 10.00016217569553
5806.692487425845 5.522300951761213 9.886442275029456
5810.213845169047 5.6384927613895846 9.686204332038937
5813.734285349418 5.585309645086117 9.888782245203187
5817.257382149157 5.786224118941331 9.676685130268035
5820.779329440219 5.860128086572257 9.571056277406711
5824.302274783577 5.710159365710476 9.635146036516865
5827.825481556034 5.671817064277825 9.591117435545982
5831.349404981422 6.455626684124703 9.174428491904617
5834.873436524345 6.872813761288221 8.533854758009392
5838.39754290657 5.8390130372908065 9.71332310090259
5841.923576988961 5.273983016797607 10.013876373472002
5845.449064383022 5.458937948613342 9.914776729166515
5848.975301907774 5.740086617205481 9.550908545488259
5852.501999797519 6.121726952457719 9.363215815279606
5856.028847700437 5.752130452505534 9.555422833595015
5859.556366164719 5.491272105282865 9.794030370263167
5863.084130351139 6.327956828078332 9.13775344951917
5866.612679339082 5.731979324764171 9.245206124122307
5870.141409615305 6.233574204618046 8.920606863354777
5873.670789865456 5.747028836769267 9.14969182547155
5877.200477752614 5.289320323105837 9.517110083828246
5880.730546233939 5.211519792693661 9.662194722796226
5884.261311433118 5.17983661288587 8.843969287089402
5887.7923506361185 5.740089066390644 7.913847656984764
5891.324057943346 5.145573817753501 7.833920821396343
5894.855898297286 5.488083095590373 7.475976490343704
5898.388900427064 5.0003048754434944 8.09649782015028
5901.921281916368 4.9815303460917315 8.601981467958808
5905.454450396132 5.626191020399745 9.133787890838466
5908.988127009664 5.289970482421419 9.755791528557557
5912.522335010551 5.406226149484715 9.646903786431501
5916.057097449659 4.810738526221225 10.06127558368175
5919.591341811291 4.374088721219398 10.397805561022363
5923.127684624924 4.629441446675384 10.209132593876905
5926.663431270154 4.863797057451455 9.961683823855834
5930.1998914026535 5.168403900643546 9.691703866792496
5933.736728299695 4.8829630274508276 9.872158493528632
5937.273141367899 5.013264634737602 9.899897644260433
5940.811669599498 4.804044384999281 10.124320828408807
5944.350292671246 5.500270862734212 9.72386652339601
5947.888300103869 5.046659272060058 10.033819600401
5951.427199788553 5.2707971331955905 9.698856711011603
5954.966672806509 4.94095159227394 9.979950919622532
5958.506474172156 5.433811554667858 9.760840910216722
5962.0465287341885 5.4791552779688715 9.77368080463309
5965.587609335041 4.5947908674323585 10.665446550668472
5969.128625493005 4.814329942946124 10.514302213543049
5972.670705579288 5.952726582806749 9.460597926908536
5976.211962968526 5.34528031660419 9.94504838467374
5979.754646133171 5.43699879479145 9.867015314506217
5983.297104021346 5.07656352379871 10.344156704736307
5986.840451795862 4.762941598565242 10.623090420067273
5990.384013915456 5.20692610177972 10.38907105962642
5993.92816999693 5.55360189354457 10.054483945580271
5997.472697501624 5.8335538615049405 9.79220908949868
6001.017588590213 5.021082518640864 10.222269801141747
6004.562955195927 5.173137336046299 10.233874316363918
6008.108675350103 5.194941052933594 10.336172400292678
6011.655516448871 5.565646203195923 10.170866267178509
6015.201443042578 5.446477306778388 10.158137750915216
6018.748351748143 5.461780375136467 10.245495152762018
6022.295810449258 4.545994213639403 11.12350773861809
6025.843471559975 4.805739890734131 10.84623830553825
6029.391856665932 5.83748415698196 9.822017943124592
6032.940615544305 5.054050354579576 10.768211709593508
6036.489489914284 5.451994321053397 10.04862749362463
6040.039108271946 5.264444163686677 10.370826213316947
6043.588800980188 5.5535869943427905 10.05486628032948
6047.139659846965 5.660356625121571 9.979919191662855
6050.689839595081 5.481777445369137 10.262390605344224
6054.240880648445 5.15702455667694 10.536811940608585
6057.792703894183 4.963976166999102 10.973224643437373
6061.344790607799 5.018533910636344 10.308069719387417
6064.897033718415 4.718419840500152 10.749362264879863
6068.44936409047 5.311489537439288 10.606393530267106
6072.001757317858 5.376729279549378 10.517267744459081
6075.555709444464 4.931192635515546 10.931940047215397
6079.109754883023 5.358421383081981 10.523439053039036
6082.664008496212 5.193730819397675 10.732380140658421
6086.218704545708 5.6155501920310105 10.181902335895403
6089.773774711458 5.296822408955019 10.616484982584227
6093.330003274523 5.625305621916645 10.199540700269397
6096.886088185424 4.2914824942349865 11.750811724541142
6100.441528143338 5.372461568204635 10.77296685726453
6103.998196774354 4.579524182178735 11.32542419953422
6107.555471154896 4.415079977162687 11.38167564909517
6111.112576961487 5.067622156231255 10.904523793262678
6114.67050182 5.075124633830588 10.649176042159722
6118.228754080502 4.869833458713348 11.017959713874717
6121.787366141936 4.641041542270904 11.403498989885135
6125.346451017244 4.852116298942309 10.947521216628987
6128.906025941154 4.888398906243635 10.995827378252375
6132.465636914312 4.69790019007783 10.972680172677098
6136.025840959381 4.85438878784009 10.936719250323426
6139.586317721673 5.102297238354016 10.685676116055495
6143.14729716261 4.845049407119285 10.848693634790008
6146.708594674613 5.058218271085082 10.742161526925216
6150.27019577843 5.323168999626329 10.393243604594414
6153.831713953723 4.602403328825874 11.55989233284605
6157.395120257415 4.214268617151467 11.521279120278486
6160.957741113062 4.750898008681628 11.229660249289052
6164.52100360112 4.965869862402355 11.04963093107415
6168.084644457342 5.3847192622217985 10.371923552918945
6171.6479567084025 4.44898307010625 11.407198598446762
6175.213045461382 4.400236351118956 11.243070521239607
6178.777914725454 4.804602672759727 10.825381638401446
6182.342969023599 5.008822180986045 10.919240943453222
6185.908554612913 5.172702955792282 10.835138314396671
6189.474355527158 5.203126122123119 10.684506852267608
6193.040586654859 5.142021020597776 10.925447861444303
6196.6064517510395 5.087291289678937 11.03808068890707
6200.173511827684 5.060745100481264 11.109918618099929
6203.742330015999 4.51351376259598 11.167343609179847
6207.3094678966845 5.005853941552121 10.827045850351418
6210.877571919509 4.850452812314391 11.141316371688479
6214.446224737732 4.974701320237725 11.00691076950602
6218.015041130534 4.52873801218843 11.339642790864675
6221.5842846313535 4.7715016580297345 11.237828636785853
6225.154178681353 4.412984006676387 11.842577535793255
6228.723922697988 4.681993617840578 10.8976456885765
6232.294268149412 5.263536645934428 9.90907925063989
6235.864903880703 4.319969491255974 10.585771273674895
6239.436045315251 4.387897173052783 10.250459756749688
6243.007486783651 4.58349214397264 10.21042834080454
6246.579998160016 5.416167281671486 10.002573134132426
6250.151326961924 4.245201014510525 11.470623417346445
6253.723832446089 4.702667539687125 10.657484205143676
6257.296753942243 4.376759953262858 10.878851598520233
6260.869972575336 4.839222368978854 10.245964034267022
6264.4435509124 5.003951415230533 10.358889787806818
6268.017642072939 4.720699879942352 10.495668025371682
6271.591801307407 4.42920228726621 11.16678050815478
6275.166656593758 4.436725021437036 11.157943762506655
6278.74190983497 4.665219080814075 11.198373535179831
6282.316375989102 4.277739300088138 11.799158646414634
6285.89276435117 4.6792225141766 10.494041846255872
6289.46903260528 5.017343879136242 10.293460351661453
6293.045430706396 4.58891597598809 8.114884511436587
6296.622446048441 5.026052002647342 5.363580612775904
6300.1994997379425 4.727857252825932 4.673118338426181
6303.777341061124 4.680858597234251 4.692232579130995
6307.354980322907 3.68511553768821 4.912604596255326
6310.933106589678 4.908182345499484 6.274103674657096
6314.511962943551 4.64687078631721 10.115695604388335
6318.090557529816 4.8206524710325365 10.808544424096567
6321.6700321198105 4.629950111153892 11.345959868770056
6325.249516995056 4.626379394402586 10.838903696678583
6328.829376867289 4.524905386890288 10.622547993649654
6332.409935438178 4.306086623769419 11.04861608980422
6335.9908028763475 3.9275330206971986 11.536802994017682
6339.572080099653 3.959374504925568 11.757853061082798
6343.15227917704 4.465976871882549 11.67985738153543
6346.734706795902 4.244454173702036 11.763988088134571
6350.31639034477 4.7887370555330415 11.0774473480159
6353.8990624160515 4.7242412042942705 10.773607409906493
6357.481713200054 5.031679675317968 9.106102863965805
6361.064921726155 5.141180823205511 7.83292351667572
6364.648495184575 4.579091050435797 7.730009162746854
6368.232082716105 4.219835747476222 8.096306881281
6371.816252015303 4.538521422431493 8.098141076606401
6375.40067738318 4.07433158567014 10.162452000943523
6378.985528821485 5.012549117030484 11.185329059706067
6382.57057858679 4.726119395351258 10.928482207976973
6386.1560404506145 5.513673009646171 10.460487943075675
6389.74204984071 4.500600512576772 11.343042212545866
6393.327958635309 5.220139764152501 10.966825533247016
6396.914605039328 5.183992576442809 10.892446883609159
6400.501090258379 4.8347889371347 11.474520881471038
6404.088499358877 4.696354031300826 11.553756143935956
6407.675608716745 4.657477012871637 11.67982677062083
6411.263568179979 4.9743144371756935 11.028712880595263
6414.852095028914 5.161350305631705 11.34111617260242
6418.440410716676 4.733878902553748 11.448807229907922
6422.029181681294 5.102608797242629 10.992660850596073
6425.618301851186 4.444979766574344 11.672489569386435
6429.20781094718 5.404900932344129 10.825845913676197
6432.797612972446 5.218226537221013 11.023220266380141
6436.387323651582 5.2198300114792175 11.048580208586142
6439.978441326117 4.588327526987351 11.82529046810128
6443.569059785732 4.98365227643861 11.359651646914253
6447.160222250491 4.569705610756672 11.758113212360097
6450.751473238352 4.65861292861228 11.734178187962184
6454.343128418378 4.435427257417657 11.999883467580409
6457.935623911456 4.555824420224442 11.393940790767205
6461.52789117863 4.029245195048475 11.556636895635428
6465.1207285445835 4.845166882544977 10.668883948270057
6468.714201307469 4.7621218832257375 10.59843856335219
6472.307300695654 5.18968578096424 10.143098727113138
6475.900913647006 4.832955473191718 10.447560668214967
6479.494891914442 5.155950687373982 10.655226178508537
6483.089415912134 5.562155192989295 10.51242707966209
6486.684144308392 5.068753797044909 11.25930058416709
6490.278708038086 5.404456451276242 11.019447370653847
6493.874422488684 4.87245184093156 11.1041599398313
6497.470133197998 5.047871494659211 10.438310555740966
6501.066025803401 4.854520858871139 10.574102542348276
6504.662243638381 5.199971607831327 10.25112617308903
6508.258985020328 5.6195213595992755 10.143131699421144
6511.855958723933 5.020511394186941 10.970442445080243
6515.453127525699 4.639024597907889 11.425292180374095
6519.050863427663 5.268330809560764 11.164670011668061
6522.648573006194 5.230235670438066 11.146624729793036
6526.246578662328 4.928858639917847 11.239010156459937
6529.84435120456 4.997855054487682 10.865689484400797
6533.4442447093015 4.715186197981926 10.985013515198574
6537.0433740543385 4.993839275453397 10.772863049052908
6540.6429963300325 4.606266872636905 10.956568258691304
6544.243177426517 4.602278546164551 11.375460102879897
6547.842766988723 4.921939351803286 10.931637606833114
6551.443150791144 4.973287769687158 10.39297783467712
6555.044041274132 5.001743927169302 10.539238037218267
6558.645019077938 4.44566229915143 10.538256971980658
6562.246155444939 4.7316468874434054 10.169862581707715
6565.847987696953 5.208778939556052 10.079425485947242
6569.449994039798 5.098546616356079 10.238786219961657
6573.052181262061 5.09220827283212 10.278944791176718
6576.654810407075 4.374540782476323 11.431172499522523
6580.257717755689 4.5119181058235736 11.325302370893766
6583.860704548391 5.187014394771822 10.36026899893026
6587.464372763919 4.762156289114894 11.412626137183654
6591.068159261811 4.825600025831144 11.620897771553958
6594.672237197374 5.312213342916979 11.169262465208941
6598.276653379401 4.495719509833751 12.110539349578216
6601.881443981554 4.865245750865508 11.517321675232855
6605.486630254814 4.534822321018939 11.686345437634753
6609.091965546457 4.50736704483027 11.74711384579788
6612.69727027686 4.493747517424607 12.053723841580837
6616.30268839795 3.9448464068240194 12.536604098467194
6619.909801553211 4.6887935932698825 12.08066726060974
6623.5159268298585 4.273426393432458 12.680783984267425
6627.123905330758 5.23838050535732 11.17392408363612
6630.7302980030045 4.645960898300276 11.835162306408739
6634.33789959354 4.949264721579371 11.487238256511258
6637.9456442537885 4.6616939384515845 11.963837024202839
6641.553571725291 4.640936070119255 11.826026746211184
6645.161962281225 4.829699968878608 11.983985779619616
6648.770602552835 4.536651826793558 12.255985784533694
6652.379559643673 4.6312716204492705 11.995258143390547
6655.989003975136 4.580578418370066 12.279552883760424
6659.598377070012 4.501319982336664 12.115152473225303
6663.208210247811 4.945991292469302 11.871033532339577
6666.817865647219 4.897761689960384 11.948637567747982
6670.429011907247 5.262103789649218 11.26189682981418
6674.040097577466 4.634598810829345 12.20556958533051
6677.650129292803 4.458090856975468 12.463580174303834
6681.262153528001 4.733158744468033 11.973775971227937
6684.873791811332 5.332275852629869 11.363242075703134
6688.485672901652 4.8234825365331115 11.922223083171081
6692.097526694637 5.098619587456301 11.617145343420109
6695.710645349131 4.831361566338426 11.86911220662589
6699.323326167905 4.318647504362895 12.479804789294738
6702.936644536336 4.535205088663772 12.152758304644847
6706.550167867251 5.349883904074483 11.47249120814943
6710.1636064081085 4.581690340052366 12.03053361866302
6713.777376938615 4.935172175422149 11.669202031123314
6717.392098785718 4.796393495713009 11.818756288928123
6721.006632198823 4.899786898118372 11.583500707871536
6724.621418445459 4.518382840729333 12.377904042791746
6728.236873659404 4.419510915738342 12.538769325302859
6731.851154220029 5.393051195744644 11.014077848872374
6735.468043540541 5.027266166560034 11.755080856433214
6739.08333919294 4.29528304632317 12.712852546935025
6742.700276450521 4.903125389656724 11.848772079782828
6746.316954189672 4.514976167073471 12.464556907336773
6749.933903235979 5.21931367817792 11.767262228614427
6753.551347545637 4.377858356126974 12.714357191773226
6757.16853737001 4.966496027287864 11.863513401023402
6760.786305322619 4.772768244858346 12.153786151324123
6764.404308145678 5.395901537758391 11.737927866521058
6768.022891185535 4.697802306104003 12.24120026717556
6771.64137910639 4.495070004615014 12.173128016083918
6775.260389088226 4.747237047094246 12.062656669038605
6778.879742898511 4.648922880283465 12.274833327917086
6782.499043778413 4.678810440276903 12.037938968583196
6786.118849559969 4.388395062553983 12.512558477743962
6789.738762488795 4.744879170289064 12.001564023374938
6793.359386857965 5.501100541822824 11.329638351996607
6796.979819269239 4.633561042929406 12.101559192849498
6800.600875223232 4.785605112102991 11.906469857521373
6804.221959893897 4.5099148210260225 12.224473440832016
6807.843657488433 4.538821155824883 12.351146999341216
6811.4653193893355 4.552738012095073 12.043478653944533
6815.087521265234 4.5608310250536075 12.274788958772437
6818.709599483397 4.75428005127049 12.12526277040576
6822.332120120022 4.8345071069514 11.851542965281922
6825.956209840763 4.859044745403931 10.731190966999405
6829.5782575348585 4.428880100906636 10.168620879642235
6833.20211507013 5.022054796880446 9.327935234253896
6836.825927391003 4.631158425056809 9.706701792370174
6840.449844290124 4.766252173829014 9.865337591457438
6844.074246396836 5.29011197082383 10.378286852270326
6847.698641662356 4.506839062143659 11.60463916298016
6851.323671464218 4.753309540948298 11.92923422759656
6854.948743534083 5.079879197563911 11.607484979922498
6858.573470818971 5.320564385077168 10.526523872978723
6862.200048548845 5.02134151105884 9.699807615217827
6865.826763587705 4.533396354057567 10.078080085886384
6869.452386593906 3.7457153316808083 10.57906676397399
6873.078847657167 3.804594662510414 11.226836586112274
6876.705436548141 3.9235439611263057 12.539237211428514
6880.3320710965845 4.059647123515566 12.438609471555603
6883.960008847623 4.214371069145834 12.17980723784954
6887.58775502699 4.733039391480316 10.950926007653697
6891.215259260198 4.7141290239227445 11.670727736729985
6894.844005227722 4.5447891749524985 11.71660118448411
6898.4714336834595 5.015454567826145 10.60103525918663
6902.101465362353 4.484605860354707 11.964452201917084
6905.730095956653 4.470890273091171 11.690116481090314
6909.35942632393 4.721660452106973 10.988799452449424
6912.989159201529 4.447681629152111 11.567761535280795
6916.618993425799 4.372763954950474 11.253624108223185
6920.249875788152 4.593569383172353 10.6011489430117
6923.879583223182 4.261048496461967 10.840333861120413
6927.510282414127 3.953022999474133 11.667485883857356
6931.141282787869 4.313148574895247 11.014060150968392
6934.7724232851015 4.503292568622313 11.215452321005344
6938.403931717276 4.855076261288222 11.249822747044663
6942.035369915442 4.926163314229895 11.120273466764218
6945.667762537034 5.04476672998463 10.099570992549568
6949.3002567332915 4.876464038606351 10.126254313234456
6952.93360598574 4.716179456297233 10.540196411354735
6956.565755724047 4.455917206757207 10.762928838382132
6960.198838745882 4.227825152261178 11.75273683275808
6963.832399469128 4.936625998528366 11.431943420768288
6967.465901875718 4.805821188578105 11.423885616748844
6971.100243329768 4.9275308121261325 11.089360611432502
6974.734814142675 4.552499393534072 11.022966980545743
6978.3696374792835 4.315133093042905 11.194839525775905
6982.003362620509 4.97833955230662 10.56757067712453
6985.638631835396 4.695661388834816 11.110757950655271
6989.273866785466 4.960212217850953 11.250136636614487
6992.909444699185 4.280514142072253 12.462194431489374
6996.545282529887 5.186208008202914 11.227461799125159
7000.180388360675 5.111859987628462 11.159732548138637
7003.817861272721 4.315747096986588 11.976401142589893
7007.454516649722 4.849263738859077 11.40124080631255
7011.0914675705735 4.395833507763182 11.527984961644254
7014.728567985651 5.110605427539728 11.298845155822812
7018.365977942993 5.162824859193864 11.025084719458722
7022.004037356953 4.979061784612064 11.732413978245527
7025.642126426633 4.743673861636001 12.274249430173356
7029.28028632208 5.25163841987118 11.402167608925517
7032.918848167336 4.705503067168045 11.798318668094293
7036.557563275804 5.075590251603768 11.665258187364891
7040.196714990194 5.088801854563696 11.438913489765023
7043.8353068979295 5.466047247051351 10.578762144988945
7047.475782518199 5.513770706682464 10.652590973575983
7051.1156490542535 4.69115839288139 11.22141670216554
7054.755715710599 4.915887488215167 11.2109993964452
7058.396162680704 5.25149627480357 10.992773855658596
7062.036850989662 5.161151531777449 11.197118760445148
7065.677858622528 5.215916099790041 11.1844435307869
7069.31913556353 5.1008716409521915 11.294169235483494
7072.960418608991 6.107612508577198 10.298509442329044
7076.60237388872 5.768730929612348 10.597188789570534
7080.244414620362 5.760611528298295 10.733523874142149
7083.886679401565 6.138289629036747 10.182195994283264
7087.529184072633 6.170845419051302 10.23172702257245
7091.172031698872 5.9582735999549925 10.530550821137792
7094.81520082093 6.176724318056105 10.411968421193817
7098.4584228289 5.9244845130957655 10.759298117102853
7102.101881825473 6.542180187769418 10.225946659658346
7105.746058587383 7.6820068881935555 9.72979353897426
7109.390248365508 7.563775850828273 9.621146469804678
7113.0346193239575 6.626102943283684 10.19129200536581
7116.679887508714 7.557664049249454 9.39616289828523
7120.325150097414 7.534322784965124 9.664396793250594
7123.970764340392 8.148787358428796 9.248523762822453
7127.615509617997 8.427201588080582 4.499556852823845
7131.260556723756 8.210451063505987 8.890109455302301
7134.906586593042 8.082904966197132 9.139105868218518
7138.552819066022 8.627591597390339 8.817332756658429
7142.199431946405 8.243345539332292 8.839037011584669
7145.846495654904 8.312812698730497 8.83568492342995
7149.493160986732 8.38791102276534 8.902856004189754
7153.140711384426 9.335368773302333 8.440408205293636
7156.78897767109 9.034110766234296 8.493527835575408
7160.43494078515 8.933152636128344 8.44175170162799
7164.084138321787 9.204373933856825 8.341987211688636
7167.732571687114 10.039351312584904 8.163136841270637
7171.381214436633 10.133661750486446 7.9811885684619535
7175.030910434752 10.36962689203396 7.998104668521994
7178.680046472885 10.267044295796689 7.905256972203669
7182.32967705236 9.860977969773694 8.230284202501606
7185.97712495708 12.405417778708424 7.168149672171436
7189.628278081589 13.576477380932134 6.856531495838498
7193.277657347027 13.406328498925317 6.930386611634875
7196.928416365759 12.929098604367162 7.2869303438020525
7200.579842869543 11.350147272401411 7.4939386023270895
7204.231204413416 9.997216796129804 8.341347504170876
7207.881895620623 9.582457937252045 7.864871040338668
7211.533511387809 10.341264139109983 8.093301763633466
7215.185483501753 11.042154790129421 7.520969671292948
7218.837392242366 9.765586635891623 8.197355266994794
7222.490117572398 8.744753727436786 8.728603321655712
7226.142568558884 8.133863849811974 9.071302715226494
7229.795550589943 7.475844232666239 9.616023290582202
7233.448648749471 6.386876925413495 9.267493072188902
7237.101969163942 7.009847386985688 7.67790367497158
7240.75586079577 6.847739283442712 7.036147915786413
7244.410456633957 5.720649075500631 7.0640027483570185
7248.063694664569 6.240834807193667 6.754094965954953
7251.718342179568 5.939509482258823 7.489429008596649
7255.373013391116 5.696262278973795 8.736762508679007
7259.028006272845 5.979685383158649 9.817413199250941
7262.683212239516 6.316066788870298 9.832203564454382
7266.3385699054215 5.653253859564509 10.43567672032454
7269.994469506558 6.499741923877698 8.981657363218732
7273.650519832307 5.102378711494142 8.085450209804236
7277.306786895841 5.799818140326287 7.651943611023613
7280.962640328919 5.257803725898434 7.335844120813095
7284.620161305351 4.9376244604444945 7.617667299654407
7288.2772495715135 5.726621316301033 8.618965980923203
7291.934571779289 5.622051110649603 9.205003612003784
7295.592003141015 5.091063761004005 10.22314562279173
7299.249854411862 5.635027249609537 9.885391167704716
7302.908061422583 5.210187993910381 9.838271394397267
7306.567052027173 5.985309066211196 9.539570000437399
7310.225010689676 5.28686468505429 9.081494025262419
7313.884407038681 5.46031940253602 8.265885070077294
7317.543087647179 5.548312571197724 8.335981042589198
7321.200122757363 5.201659589558054 8.626437297083024
7324.859471468496 5.933859481029161 7.768098945544971
7328.51925948548 5.261359715007425 9.794692237312933
7332.179109337688 5.221463053989796 9.956900662176583
7335.840521547283 5.524531206971122 8.040359275241546
7339.501233364189 4.898337367226628 7.755505453914683
7343.162138549657 5.048675005246392 8.371630785236254
7346.8230785055675 5.128252017443368 8.148776880973077
7350.48469555156 5.13590910163276 8.619907885012445
7354.146212366257 5.7236032558252 9.773363834470233
7357.807270673728 5.631845757291675 8.93435210406966
7361.468867484797 5.949298444440997 8.498349129459099
7365.131061643107 5.5957518258415435 7.582769645443716
7368.799074205235 5.079157118316838 8.191863220587598
7372.4621425314945 5.681252702589704 8.298420316132427
7376.125436271889 4.836498908452858 9.04029723767368
7379.788733517328 4.734571263152819 10.028972705881124
7383.4529242743765 5.048343499855625 11.252533345078792
7387.113803422919 4.869815729530251 9.490134069439396
7390.771933414668 5.467878204276778 9.474251785946166
7394.437362734665 4.05393658674764 10.129452269075905
7398.102234105123 4.633908875272202 8.614445314134349
7401.773165666091 5.170186847683839 9.171723540129669
7405.441850688965 4.3556620601768055 9.988511114331407
7409.107512168055 4.9804056633278 9.699891940085234
7412.774751369809 4.7379147775746375 10.614616893587005
7416.439772411837 5.1494661562389075 10.89618480749754
7420.106378634538 4.007898086271876 12.287145977398296
7423.773154037974 4.699180222934214 11.35950365673259
7427.4405792651805 4.906632024008859 10.52252464624071
7431.107576018566 4.1776082314271825 11.446774539228866
7434.775423445146 4.244293736672103 10.548052806006098
7438.443061576106 4.912344339070395 9.656595904734017
7442.111746640334 4.440308308984637 10.760490851888994
7445.780213681593 4.180310201519103 11.138772905141009
7449.448325047249 4.707848976062399 11.018873771098063
7453.117062912957 4.523439210008215 11.982351589505921
7456.786463842732 4.7128410523608135 11.637516526304225
7460.455663355667 4.410570836504224 11.510431652875264
7464.125578195092 3.8771082013802243 11.728915860310853
7467.795368579426 4.0581944609247005 11.011795096671648
7471.465219685398 4.654700356541617 10.375829345633848
7475.136165962095 4.314036689402719 10.173129960668055
7478.807243753244 4.2544984699108 9.754242790687208
7482.478021670371 4.343825342019945 9.832198175227512
7486.14934782624 4.982002274542045 9.711567290382233
7489.821682112973 4.66436319442926 9.949200605936992
7493.492606223349 4.22893127068702 11.503679789727881
7497.16489452332 4.201784063123591 12.031824500101129
7500.836925444452 3.861123069943105 12.084369638287232
7504.509724093352 4.322818432923251 11.755657364112311
7508.182540354322 4.202765485115278 12.060713596533411
7511.855854636758 4.661336131127844 11.473568026018434
7515.529383476039 4.464336354808992 11.358303160009447
7519.203095167916 4.456983946568417 9.717071567114983
7522.876917948696 4.269970272729447 9.285390905908045
7526.551025886406 5.1019970855987715 8.69339641617442
7530.225699457652 3.5516628122515197 9.689546918082186
7533.901234596202 4.6711184152965215 9.367920190435962
7537.57571767724 4.512059728887943 10.643911357205566
7541.250632792693 4.9325049253060005 10.76775736185708
7544.926301258817 3.89749596821012 12.191599202713169
7548.6020640942 4.298023610988581 11.641185493506987
7552.278405807162 4.153528775378458 11.693847521047443
7555.954675790991 4.324379875245627 11.473460446612203
7559.632207050663 4.141492428398036 11.425275229059011
7563.308277919745 4.627080938258364 10.788325983211603
7566.985009952381 4.018782523451694 10.531259528461149
7570.662882989831 4.768733051096741 9.616906425565027
7574.341317905214 4.2685331292163236 10.06096397833874
7578.019182273524 3.866907416190017 10.428773964533677
7581.697053840237 4.071079569593066 10.476012723768413
7585.375345724672 4.266044503460249 11.191694681406823
7589.054520068422 4.416115691925077 11.285940192059908
7592.73313234537 3.240186717342723 12.107006279416153
7596.412925651197 2.498790452103396 13.368307355547827
7600.091969334022 1.5414610776405668 15.804611287648608
7603.772201879753 1.4816025961328885 16.2361395252845
7607.452657721819 1.192651890743191 16.835410453025254
7611.132962416801 1.2687857301359817 17.617822187209214
7614.813745567673 2.4255911901557 14.517144955231398
7618.49425917087 2.185024035343326 14.705641494500355
7622.175323008671 2.8273966336020857 13.373281633382334
7625.857355817742 3.2049185543723033 11.887347612503536
7629.538669204378 2.5903154585405526 13.043918904878101
7633.221239735773 2.441555314804042 13.725606109166662
7636.90357292803 2.849264498000768 13.256863062435132
7640.586420658054 2.2391074399122273 14.912688793694862
7644.269112340046 2.9887995701484993 13.713308487335809
7647.952216995339 3.1563848867578495 12.999950113581498
7651.6362894174645 2.5980369812336126 13.751940011902521
7655.320463600836 4.236590734546099 11.557013379523235
7659.0033224048975 3.597334819645249 11.606105919880676
7662.687766025858 3.8216831438475127 11.565130025289752
7666.372863996308 3.862928791034805 12.02790141863577
7670.056234407432 4.339063712928481 11.006910940251716
7673.741993797205 4.585131938873093 11.140544517710406
7677.427508207051 4.220699078066869 11.699856832347056
7681.113769331192 4.069236039519856 11.560321651548694
7684.7991492676665 4.223311067593818 11.04261757387914
7688.485291529908 3.9403789354597736 11.218546919878065
7692.171597343831 4.338263434955704 10.390156947536916
7695.858528140212 4.422183353478073 10.206271760510054
7699.545231554599 4.760653202290887 10.155344339630172
7703.232836069222 4.150743408225741 10.992396097051646
7706.920588201796 4.365576078533366 8.707728308701627
7710.608446143513 4.143892824929825 6.817405924540894
7714.296563033838 5.102186741392265 5.93809566185763
7717.985109605571 4.697318722529919 5.917156457967781
7721.673926815264 5.332374144157 5.478061508658013
7725.362891920724 4.486111344595627 6.8872423629546295
7729.051953032498 4.349121960244646 8.99590200774433
7732.741478637059 4.704336649667131 9.218232937271509
7736.430252832629 4.803820642266151 9.83300270159486
7740.12134288749 4.84553252402219 10.048100398340793
7743.811543610872 5.089559313358291 8.138480459049205
7747.502564960718 4.839601499095981 6.831955648125697
7751.193517844094 4.131056000569991 6.992692281066747
7754.8837959193415 4.647903027855868 6.172116812671753
7758.576141627769 4.1322541730558 6.282536197815801
7762.265617119456 4.699925711712931 8.26503468149431
7765.957184740862 4.556140066157991 9.118188969911436
7769.649946740664 3.836509692398157 9.131234376623588
7773.342254540642 3.9049786943848894 10.434143429927067
7777.037050625682 4.09443334904844 9.504572953169376
7780.729666768736 3.9702006363510223 9.750616375528274
7784.424195296778 4.209897017938028 9.431773473577858
7788.117903655642 4.487170756774096 7.975363255952829
7791.812578462265 3.465084705100509 7.980765910501589
7795.506189293329 4.252871500039801 7.86119942722374
7799.201219407324 4.738374310415458 7.212678521495448
7802.896662146977 5.038346284343755 7.22476614560489
7806.591440069625 4.436599306994579 8.821003590377812
7810.287272091337 5.124294886267807 8.515819389425728
7813.983064675864 4.634776384768634 7.875085396823364
7817.67912029465 4.445198088960509 6.430599159977127
7821.375524146806 3.6149861263780076 7.171066716281572
7825.071349264031 5.0733618137976935 6.321309290063692
7828.769438146462 4.128186105079981 7.126670248806872
7832.4660336828665 4.832519062390711 8.955848497437223
7836.163838454225 4.7707497404426125 9.015157494293376
7839.861787760102 4.798444834930105 8.835054470390105
7843.559721533746 4.035301724518259 9.113317536454423
7847.258263160261 4.432291038098473 6.872430839057519
7850.9569146651875 3.6652513506312605 6.285529250650239
7854.655907927291 4.0191143391422415 5.942939577714166
7858.355157100946 4.601080062407734 5.727218679862608
7862.054623317795 4.786632515666466 5.861611726401672
7865.754542801812 4.22245147925205 7.076915539222249
7869.454873988808 4.5924022541817635 7.1296362564158615
7873.155182977511 3.9318371134798538 7.820419671633465
7876.856536087499 3.8421181630611647 7.338299031045745
7880.557010743847 3.57420754669172 8.029091344149741
7884.258468064491 4.957655304506755 7.038559231635093
7887.960931318449 4.515254750653067 6.703329534396853
7891.66181008591 3.8962783965475314 7.66870699612913
7895.364057753174 3.822576371779727 7.985613497828469
7899.066612814368 4.698131662561727 8.042786995200998
7902.769370669873 4.221007118307048 9.938732965994067
7906.472173907466 4.083955647912839 8.527108076802875
7910.176022678937 4.512376871016393 6.240150300506311
7913.880485344395 5.730348740221312 5.427720625282958
7917.583483381035 4.09549146738234 5.421224986246958
7921.287916627178 4.968267853204023 5.201348520918721
7924.992424512891 4.073614132853207 6.704606322595777
7928.69687023737 4.155320933286413 6.983023155528838
7932.402587078343 4.468758249916694 7.842985721674895
7936.107961817529 4.138013474333565 8.461954233392674
7939.81388085865 4.548760947620899 8.336906572979782
7943.519560560701 4.981810626698281 8.594370396563932
7947.226229122556 3.9111594733697213 8.974710734378363
7950.933125533698 4.326217508635913 8.711897216466902
7954.639460353219 4.721219546858173 8.538723356246116
7958.3474099861705 4.364886978837437 7.772116139599745
7962.054893801689 4.081563224024069 7.079737877537768
7965.762780288472 4.6257042940081865 6.860086238988029
7969.470881887116 3.990467352458074 6.853541340867907
7973.1792078912 4.141461518919937 6.454737055383454
7976.8888794425275 3.6359355186073823 8.102180766979082
7980.59728535319 4.304811913911756 8.291388028452108
7984.306583160544 5.072715247510696 7.545368783308338
7988.016664949248 4.779761808475676 6.242058995503008
7991.726645484867 4.02454073311824 6.370059458487714
7995.437010724193 5.138945222608443 6.199883274978971
7999.148078615172 3.618891659600694 6.696092460641387
8002.858636832328 4.353955638342468 7.2083082734650565
8006.57002283392 4.098677172099887 9.343233347630008
8010.281515046348 4.312319667813464 8.481895931916098
8013.993047863352 4.49200768242299 8.219325494285757
8017.7055509286965 4.706332758931765 7.969302683965897
8021.418034240965 4.400304787384082 6.557660523609647
8025.1308361259125 4.012518724914589 6.815775690785687
8028.843323510698 4.332915243307249 6.461817888955038
8032.55776944763 4.91995767060191 6.580637796545576
8036.271276660804 4.336393142784659 7.87493325452343
8039.985808731699 4.627213129411623 9.343716685714247
8043.699722975479 4.413065524142743 9.40442187957293
8047.414260973442 4.411447586020452 8.673152283805043
8051.12944793869 4.475365629595796 8.850807785194176
8054.844987487345 4.514953031594341 8.311289563232178
8058.560698849807 3.4324570642244745 7.96648669711783
8062.275751423244 3.4410054398943055 8.122732209963402
8065.992789307729 3.7189108834490376 8.298568939072897
8069.708698895484 4.372308186606761 8.138717913268128
8073.426612645825 4.609966268538975 8.80843825779684
8077.143661582302 4.7608549837049186 8.99268334938156
8080.861120239263 4.010157091878447 9.402759312506467
8084.579608078572 4.4867221291525 9.330863881211554
8088.297230397817 4.630034402183538 8.936964085662414
8092.016787304246 4.596780585380721 8.619629298582373
8095.734720314907 4.6271870900074905 8.572425695935449
8099.453651574917 4.4413649786086555 8.310814199243762
8103.173321520411 4.4746973754597645 8.20720503139883
8106.894056060066 4.081109011302232 8.764082023664407
8110.613339755506 4.592999306961226 8.560040629695374
8114.3333598033105 4.4852649872824975 8.923017822513357
8118.054410497995 4.0221209412624 9.699034508351076
8121.775667134869 4.467852076412736 9.378722834466112
8125.496268334353 4.1998045384278955 9.394013974630045
8129.218716194993 4.576966261410289 9.143429330079165
8132.940594422458 3.548084105845208 9.945227810111987
8136.6635430878105 4.32598280008376 9.046770703212701
8140.38592464183 4.383296845006988 9.017247820098213
8144.109252903465 3.6997279583361613 9.157813302953286
8147.833966658292 4.414399695150408 8.923704239280733
8151.556375256766 4.042482937609959 9.110074268623052
8155.28011291969 3.5243677848211723 9.9388532548535
8159.0046529872125 3.586883669017227 10.18729626701942
8162.729426270021 3.4955899428941386 10.185280200373198
8166.454436571177 3.79312449481325 9.759974501837995
8170.1798383031355 4.133213180829153 9.63132879076763
8173.9049409296895 4.014406299763212 9.634394746956811
8177.631690009599 3.8654701097962074 9.582421467268258
8181.358004852256 3.6921075797900746 9.658715362558585
8185.084604195828 3.776869188456145 9.449368003594838
8188.8114470178625 3.4037970468164414 9.772813850950387
8192.539234762526 3.7834522499210284 9.123643644961405
8196.267131218725 4.20080749497196 8.920919162140295
8199.994949175965 4.136439585461716 8.806845787149925
8203.723332541596 3.6170624819524058 9.570234520247784
8207.452056959135 4.200228009364397 9.104324942250651
8211.181338036402 4.148885439551364 8.931479449237148
8214.91022836295 4.236980640420358 8.70426005148686
8218.640355443507 4.6363013681493825 8.575229766100529
8222.37092691764 3.9797248531889866 9.213661877801668
8226.100806745273 3.9476781841545687 9.357010268825501
8229.831635519005 4.205518949379243 8.884178729315819
8233.56177255075 4.691058649164475 8.594384097018088
8237.294141912278 4.321439626467196 8.83876250963462
8241.025968606593 3.6010721161102968 9.637222561008972
8244.75826087571 4.121960787474765 8.89721710977726
8248.49079954525 4.078356058592205 8.571607295940117
8252.223622247928 3.5142034284260246 8.917208783245695
8255.956618427696 4.530197316061521 8.34239095637987
8259.690308956206 4.042056659590389 8.881876407303235
8263.424176750697 4.198010594448334 8.75157092926542
8267.158263649215 4.28952524399551 8.527531937918324
8270.892757650365 4.2901321902454415 8.657134499151413
8274.62819377265 3.492231800735429 7.431642984084144
8278.36334568735 3.8644702434981557 6.384151054905601
8282.098989559467 4.047771599835746 5.41560654935263
8285.834853648848 3.027914581202814 4.871711547994412
8289.57132112257 4.31701419123844 4.601159357908166
8293.307878278893 3.9242600074081175 4.488325506122463
8297.044974187858 3.842255368584567 4.203231115315539
8300.782051874667 4.215197588204282 5.152037496530409
8304.52006963557 5.1824763494669 4.953735906320614
8308.258373961398 4.234829802999292 5.493340067354956
8311.996506674834 4.38666285474954 7.127785668649118
8315.735711116638 3.355914619841118 7.662382398336269
8319.474491984642 4.5165497747937104 7.174107311852979
8323.214189304008 4.285290646437919 7.946932681459329
8326.95440576559 3.7501456451672013 8.612191935131275
8330.694219670053 4.312240504500147 8.494372153813156
8334.434993994206 4.315199290060155 8.148880525414413
8338.17638202509 4.423162815061696 5.7515711926962725
8341.917266909262 4.6379618311590445 3.8633895257967983
8345.659195043987 3.477358004675762 3.8030767708322912
8349.401023525474 4.338766339150123 3.2849801181687206
8353.143409108312 4.2678975508759445 3.4782359183659888
8356.886494937984 3.8090412417682646 5.297072439357022
8360.629479837486 4.595346407962593 5.507053259382807
8364.373012742022 3.9464641461422882 6.691224789167938
8368.11679405132 3.9994157880555714 7.082270293431342
8371.861341386808 4.551864248143423 6.886365973987178
8375.60576040796 4.039679391249402 7.114450175156625
8379.350857892012 3.905605568957177 6.830683314741499
8383.095958421765 3.947606979874303 6.596444699817006
8386.84181928934 4.221352230258417 6.364655817994399
8390.58797305411 4.710801844766935 6.054166603169748
8394.334353353092 4.656923724694822 4.947204186912804
8398.08131873198 3.8020916519259 4.52702817275747
8401.828832127481 4.492459283452311 4.503872717425485
8405.576050931186 4.16084927366335 4.5308611996441925
8409.324305729711 4.215024660898639 4.879895709362617
8413.073221349021 3.925105655527429 6.314286894928549
8416.821175049712 4.163784305425755 6.150118806615106
8420.570217288336 3.767464751673459 6.130200970560344
8424.320113556587 4.514530401378377 4.764324019006785
8428.068988106197 4.3021765272242725 4.019363321321953
8431.820153255438 4.691577568334315 4.148490543935835
8435.570609377164 4.4280660384078665 4.0849857900128015
8439.321545426847 4.160475826142531 4.440191853663435
8443.07282739025 3.710297658250396 7.518402098181884
8446.824754943993 4.229509661347773 6.870262778763666
8450.576918389954 4.072287454759697 6.318868703097072
8454.329318929953 4.684310805018391 6.062779116052224
8458.082963709474 4.073034071642496 5.809251106810817
8461.836526667877 4.8089597390553696 4.122684316347994
8465.589505500282 3.365207788515658 4.921480297098394
8469.343474743033 4.344067158895839 4.831845103852492
8473.097989682878 3.592380688061497 4.804821231475592
8476.853513189677 3.758382933335757 6.555718330009529
8480.60777479405 4.339273509592445 7.940926665651266
8484.363224380106 3.739712268044573 8.157466578534203
8488.119660769496 4.478345079413044 7.0359185622389155
8491.876024421415 4.20365626179335 6.7741820621005
8495.632542883823 4.980496615575714 6.230965568573754
8499.390111410192 4.065554101842614 5.642280496355468
8503.147557307027 4.032468795751638 5.135184355285101
8506.905720759432 3.9397975838390793 5.733269951971504
8510.663738924566 3.004654259797447 6.028366566405694
8514.422791346244 3.667470462879038 6.288270885660454
8518.181919043094 3.9545211885059346 7.664509960118026
8521.940998325485 4.381511848936045 7.769521887036366
8525.701326137998 3.876377740559979 7.707960942012456
8529.46168085372 4.7861892374746935 7.232317034311476
8533.222614153914 5.249162345184497 6.912923234236842
8536.98353095622 4.885439109539386 6.801573125964101
8540.745308821986 4.931157248497176 6.7209426430501225
8544.507249456003 4.7132289867023145 6.217924870648104
8548.269817344364 4.507493013403778 6.045857588573904
8552.032920469504 4.768029809256447 6.288437129129951
8555.79582073393 4.705025522909427 6.436385635676965
8559.558752515424 4.869339044531606 6.6952807918801955
8563.323113562337 4.599864482934584 7.460021017729647
8567.088248162836 5.307154587823597 7.072701131921707
8570.852375422988 3.8948105327955913 7.633568839709661
8574.617532025042 4.328658212852111 7.288753912007089
8578.38359939782 3.355911626904787 7.364232241825931
8582.149517276575 3.870449324347536 7.459251792091083
8585.915877130856 4.49787110218361 6.955987785810804
8589.682622839295 4.027591796735681 7.3912391124879
8593.450046717096 4.484462696630872 6.797912046457906
8597.217974500885 3.791905379557953 6.714638508293654
8600.98581970585 4.145519489769334 6.785158597196562
8604.75450315811 4.175360970713561 6.87316118739276
8608.523481276206 4.107574845652401 6.838412044222784
8612.292881212566 3.941857050041735 6.637256804973842
8616.062389812487 3.995648256400091 5.873457060506465
8619.833196268002 4.473389630979437 4.823740951156339
8623.603721412679 4.242995242666574 4.0531911307835
8627.373319160028 4.499670704319746 3.6765411013912273
8631.146084414166 4.221819783025942 3.5192624634457426
8634.918178750888 4.071693930967669 3.5069917798985624
8638.69032347557 3.4880282171435457 3.912768126628477
8642.4633186806 3.111615003049242 4.432567456800947
8646.236155263512 4.333007346454095 4.457411195676963
8650.00965517985 5.034718070246067 4.1454486635194945
8653.78276199149 2.953021063836783 4.180705995807211
8657.558681520173 4.697297660746765 3.519596469536321
8661.333186119353 4.021885146414549 3.384216590536907
8665.108601421534 3.981021076743726 3.3822048338070303
8668.884389041736 4.133808253118623 3.4597580121221223
8672.660537540874 4.740210453941513 3.5564405804074326
8676.437252206944 4.352017159136843 4.000916314155439
8680.21418625852 3.8211315529125987 4.551878412866813
8683.992051734711 3.4555602773620286 5.140913910807002
8687.76937962899 3.7454133280469546 5.459330995158009
8691.54791958326 4.298130043702621 5.501004763253765
8695.32687959295 4.299264872839635 6.013762951438978
8699.106049936621 4.685790267303686 5.9630999684020916
8702.88553543862 4.360201512295041 6.244369879481473
8706.665880002573 3.8770477222813833 6.477945210867317
8710.446530961768 3.4333904614650614 6.61919525580665
8714.22639760138 3.8818605503165684 6.487575206103914
8718.008805500265 4.155456704926353 6.394688627351331
8721.79066311889 3.6268589777413958 7.031778149731842
8725.57322298821 4.166782854079905 6.818538476357726
8729.356059431546 3.865398792267205 6.889829962586736
8733.138939423465 4.031026915112699 6.6497564965939135
8736.92331052311 4.19894053428564 6.560292260042607
8740.706949371512 3.5266487564477225 6.772746405369366
8744.49156997302 3.8121566308234662 6.540071457632606
8748.276349951737 3.7987159116031597 6.466894171365577
8752.063247377642 4.444078402184709 6.203383632448895
8755.848367569242 3.703006216917226 5.553364934777666
8759.634440442931 4.518433906497712 3.829221034860702
8763.422923087763 3.1551540913059357 3.183586864641795
8767.208777162465 4.0881988490101735 2.5360967357979654
8770.996422799659 4.379270373765414 2.5240950444066335
8774.78487452659 4.481056067238873 2.431236008089581
8778.57348615191 5.425243851042353 2.3835900264578243
8782.36248203216 4.037590210555543 3.1829160540008403
8786.152237026097 3.3521129762602473 3.2622049891187825
8789.94214758067 3.6814968055433384 3.521990905712405
8793.732674853181 3.9399598529454343 4.758837481635412
8797.523685241531 5.162785742359372 4.745564279072124
8801.315621001515 4.30148480770357 4.978112636615162
8805.107057627321 4.045594093684195 5.687050584108597
8808.899436049172 5.443964348002098 5.2859291391571555
8812.692372690486 4.214985398744626 5.764543556587861
8816.485579531509 4.021728994944377 5.7717052253766825
8820.27919119802 3.91989492956365 5.376625481804472
8824.073689186884 4.353307660788504 2.963295270236428
8827.867398842382 3.8608381683191633 1.1725456356624149
8827.869762943117 4.8504471259334565 1.074222131385714
8831.664046750764 5.164576116653147 2.0599889360278856
8835.459554951907 4.269684082732858 1.7899860527319809
8839.256759865124 4.366719502658483 2.000199462890653
8843.052298328621 3.403206575804758 3.3137509833081285
8846.849403806786 3.980296291984003 3.415377507342954
8850.647105902692 3.4693632037035305 4.276240069741771
8854.444917820905 4.601015502311837 4.638044805463959
8858.243684502135 3.072091611866113 4.833283189579125
8862.04153003587 4.1495682064403745 4.692416470349975
8865.842160418631 3.9424789979813575 4.212853672385098
8869.641878648943 4.559554302122418 3.921387914878472
8873.442651951924 4.2683777135362195 3.898344893132888
8877.243640666537 5.007193516368614 3.8516596381630395
8881.04402519739 4.532647762811054 3.8442678714142997
8884.847052150148 4.278712093696131 2.7766015129056654
8888.649624943422 4.617633313083923 2.527159621680497
8892.452478132987 4.594305678274356 2.4686381185053943
8896.257016183401 4.814038907852485 2.421739895350762
8900.059770378875 5.443416661967583 2.979722602339217
8903.865067490404 4.5601070952603235 3.5143834278018575
8907.669151171576 4.512149847101281 3.543299221819982
8911.474028486115 5.096392661365706 3.3979623539297203
8915.279926418007 4.574156237301192 3.153021358051391
8919.086804723594 4.729112393684719 2.318434759717145
8922.893532257269 5.0637993666953465 2.211042952706363
8926.701160197512 4.085058333234885 2.282589313918911
8930.508976437877 2.9524673118274896 2.41043768644941
8934.316093535159 5.39970516370311 3.0744430183428797
8938.126328530301 3.9391469134502866 4.759115106652062
8941.934475796059 4.747298622073702 3.6206517660772373
8945.745536263603 2.8895204258817766 3.7667490638998173
8949.555864218742 4.518986420869876 3.582820281900963
8953.366680952488 4.473150947741444 3.341897113371777
8957.178501466919 5.434974730258301 2.503047139259494
8960.99016413206 3.121233695463314 2.6882652490948398
8964.802645692158 5.723819023612889 2.451924256108939
8968.615546780378 3.543151591346324 2.595988302766997
8972.429029982706 3.294371723393259 3.3272387584037015
8976.243534212776 3.546625054915843 4.923936151727738
8980.057706540076 4.252343186472955 4.7601322465085705
8983.872415048605 4.054774871105631 4.6215361244231135
8987.687865568909 3.669671266324117 4.150898413456346
8991.503957099694 3.7778281357987957 3.834824090043907
8995.320588158056 4.921957649085822 3.5196159911603693
8999.137628077882 3.4990180091677066 3.37442156708861
9002.955313660657 3.247867252906073 2.939137345102603
9006.773472087432 3.6536751919575248 3.1099925648455007
9010.592031355589 4.597604047162885 3.0612730001111297
9014.410031735131 3.912139961563261 1.7393210977008626
9014.412848304204 5.016693267166572 1.5404598012202384
9018.231133431236 3.748050889471701 4.536171672093153
9022.051163196105 3.859498435243179 4.521880753890808
9025.871672162037 3.6393993659414745 4.568974589524685
9029.692952804451 4.415607237103664 4.35102281769488
9033.515009214996 3.859665904462965 4.479447701652137
9037.336935776866 4.70410853828516 3.918443629726309
9041.159808709985 5.698365800164215 3.531467994060681
9044.983630807716 4.513505612925764 3.640287319962477
9048.80750403995 3.5392045006098085 3.4260622130952023
9052.631778984945 3.9360830404421243 3.1771890523522406
9056.457364406118 4.279583398049176 3.3057792146485956
9060.281676918345 2.976024592380028 3.5602260439476328
9064.108914241155 3.7881077795285147 3.5054351225548914
9067.935135067244 3.796457200352551 4.166977796587882
9071.762671982815 2.921745250133106 4.344442509156911
9075.589884172092 3.9120140815034476 3.8757322435494967
9079.41782040138 4.32126328590863 3.8270022742261847
9083.247283065708 3.449846510145374 4.160412422866051
9087.075819083591 3.9017898096243444 4.1612802442811
9090.906526182904 3.290182570772936 4.136836154309505
9094.73711330208 4.75850077437242 3.7974905858976076
9098.56838190522 3.150799951697188 3.8585119775859402
9102.399643729166 3.5453611586749076 3.5905219634780146
9106.230648127366 3.039322207025566 3.3743623905908975
9110.0640932789 4.332968012878188 3.348518426725987
9113.897546870685 4.096969313809512 3.4612616944755503
9117.731327679594 3.6308197030860163 3.6294045806132313
9121.566231584076 2.7920509058757315 4.2888575501815955
9125.400579997286 4.074186676764874 3.7098723271567335
9129.236089593434 5.026536892338567 3.476044651729686
9133.071853635043 3.914006384631624 3.711957274092905
9136.90830646599 3.39678592971726 3.793170358280798
9140.745582251471 3.8491553194162944 3.767262161038375
9144.583441838127 3.4591031830456838 3.9675357049553983
9148.421405537112 4.151716259711659 3.7522179093424337
9152.260410252307 3.5318933946610453 3.6472667921431934
9156.09976182305 3.969781756013433 3.3663747011218144
9159.939954781872 4.020150897635083 3.2344769889613905
9163.780261173284 3.1724414390458278 3.246315169324917
9167.621972650179 4.390737071994992 2.9866693180781505
9171.462863269717 3.4542240276375984 3.3933617553241904
9175.305566283396 4.009119887996072 3.234920260855307
9179.148414272076 3.81292869192409 3.3044640911124867
9182.99181123877 4.550099779638747 3.24827226511382
9186.83575273824 4.537250235483746 3.1688484206374192
9190.680322949434 3.8322962717544944 3.235523776543635
9194.52530889352 5.430461460815964 3.122543688448577
9198.371234024593 4.8816055378983725 3.157989642847362
9202.216638702077 4.044400424854304 3.1592147929022065
9206.064357586132 4.373648975342597 3.2160818170032415
9209.911882027212 3.8792746619504896 3.05435877513712
9213.760094356065 4.258552326704827 3.054408535761482
9217.608598016412 4.984066065684586 2.899957466413992
9221.457389263962 5.240070185275221 2.7493685481718124
9225.307707894384 4.869828806913163 2.884295257074711
9229.157892352883 3.8858915443513182 2.981038341884379
9233.00932891872 5.292439849097123 2.6778482989211674
9236.860692562585 4.081586764930344 2.777247449075266
9240.713058484713 4.91084288585295 2.610895730742894
9244.565837359201 5.086015772627966 2.626765415373054
9248.419160055146 5.628822468653601 2.6097017377186207
9252.27312567953 4.000686236993126 2.8630106420688133
9256.1278268432 5.331717153766568 2.659417039892268
9259.982870964608 3.213905386446844 2.9152661044117045
9263.839115181676 3.4741165189836325 2.7199742966213423
9267.695172815249 4.838387298517936 2.4719454985276292
9271.552568283738 5.391779635111875 2.45836805786235
9275.409706373872 4.387238519041711 2.5750332473330153
9279.268107270706 5.339425583879302 2.4560029071261176
9283.126990974471 4.921434085131457 2.5697862738456396
9286.986483750663 4.817083856483655 2.6928210553370646
9290.846861058879 3.69381034513972 2.6082881196145884
9294.707387574768 3.7232493809614193 2.5714294969154174
9298.568527267797 4.0530306729963055 2.353752664115951
9302.430510057551 3.9160504449736755 2.359659591812667
9306.293220242656 4.47248351967294 2.2013379496616703
9310.156363690157 4.051712511823168 1.7472034430035677
9314.020038949504 4.369330354492212 1.3836119202784989
9317.88450260374 7.008122363697846 0.9588762417953804
9321.749570916209 2.5326766555902807 0.9394858394987999
9325.615124741696 2.4993619985862923 0.925894772083089
9329.48159549533 1.8139433374189071 0.9475176801500081
9333.348265513185 3.5650877394622476 1.1537473080482599
9337.215970338642 4.2218290870284765 1.3819026665849266
9341.084180152204 2.6827268046030452 1.525515707374269
9344.952938667488 3.1020081749848933 1.7954894154549992
9348.822002155111 2.063948596403816 2.1747181915793625
9352.692205121022 1.8007683294563284 2.1955322843944938
9356.562961085598 3.222410621970495 2.0809750179453648
9360.435623574389 2.75890279588598 2.1718465912717364
9364.306363918302 1.6137165882754123 2.364107779380047
9368.178462683356 0.8542507181882426 2.270320325600509
9372.052180196983 2.363438915719691 2.339649051895889
9375.92725004135 3.3067484084515786 1.991955154466036
9379.799433850469 2.348570991797444 1.1765580616314406
9383.67586052561 2.9831548571933237 0.8192768283094819
9387.551853910692 3.2561323665735036 0.7855674372308776
9391.429094178215 4.590167300720376 0.7232044882133077
9395.305456378148 3.0024655998405003 0.927237609692744
9399.183282855836 2.1690100349906607 1.7410921247414932
9403.06146474734 4.608292715336972 1.8423714656877521
9406.940505517561 3.7683849524961004 1.7332229275855011
9410.820213747225 4.936276007232812 1.5216576207760817
9414.701339563308 4.644443997112124 1.4647699288826936
9418.581771602445 3.8459156380201343 1.5304698264459522
9422.46309974004 3.567636221019483 1.574057757504566
9426.345755757739 3.821360810857846 1.4261512991686176
9430.228694647894 3.0731786660929656 1.3631074879666667
9434.112542242483 5.6335001482232565 1.246976117913465
9437.996970275512 2.4895855073607 1.3567893478912374
9441.882150526058 3.769619323980985 1.419771351619054
9445.767411870002 4.300170042935732 1.0973156387027614
9449.653911157482 3.2978244791421094 0.9474871083613317
9453.540978783798 3.28619923259097 0.9532009347241679
9457.428965658144 1.0774639898611873 1.0371588626745638
9461.316910355885 2.943540969327089 1.1001435869103109
9465.205994430871 1.5742392959744465 1.271160645650752
9469.096005464271 2.164794022567823 1.1862998575819015
9472.986013458176 3.76827950188754 1.1168842314930003
9476.8770607321 4.002777614647086 1.0664802517826317
9480.7687413715 4.3238898691014365 1.161176090726826
9484.661030235335 1.777471984143899 1.0396681701821768
9488.554645829297 2.571505367210264 1.0333208710987252
9492.448381540684 2.103917054797345 0.9810696474020312
9496.343117764583 2.7441046063027423 0.9778310366316957
9500.238047910687 4.5732200711356485 1.074930240744375
9504.133975771887 2.761418211225746 1.4130218359184306
9508.030494046701 3.0687637804900083 1.3061705808206578
9511.927775749211 2.182599315373264 1.1162726895662844
9515.824944463977 1.0832078751256096 1.2090179945067
9519.724533103463 4.709370834720009 1.0330485079809817
9523.623438618797 4.499638477455186 1.070706416339146
9527.523573826393 4.984735274986676 1.1111598214214418
9531.424435937972 6.321412688540141 1.0727655610156221
9535.325881003351 2.865000405489462 1.1817617983252495
9539.22779831412 3.979391289938501 1.14855101912071
9543.130760122971 3.996739652627594 1.1706108969615647
9547.034366267711 2.608109689683792 1.321476032952175
9550.938706831217 3.5300557623201496 1.242834570381572
9554.843356082436 2.071054961744221 1.291856440217996
9558.74905667067 3.653150311239416 1.1541995291765916
9562.6548339601 2.562645111296975 1.0579848816461224
9566.56244281877 3.024774564995781 0.965618046083065
9570.47030586165 2.407877513821736 0.9851938179182468
9574.37842989963 3.800915551367141 0.8812008580880636
9578.288026777276 2.6341144590948953 0.7929004493619053
9582.198129776765 2.827962929145557 0.820505034182655
9586.108541867898 0.7988865494464343 0.8631085462983933
9590.02001513521 4.457498369561582 0.8084174443099393
9593.932087025496 1.2708472521393264 1.013258866898299
9597.844731517484 3.4104266042006293 1.0581274826592018
9601.75816196853 3.546411399169365 1.0874966338407484
9605.672739624353 4.557799984409423 1.0671963907882096
9609.587542330055 2.9603890875742955 1.1547225434628952
9613.50348009154 4.197825390585637 1.037890674210534
9617.419874385594 2.967769062190339 1.0164672173123346
9621.337080821904 3.7104846632027035 0.924199446162532
9625.255230911467 5.270280600806043 0.836399745043195
9629.17354877665 3.6330769828173834 0.8278812141482341
9633.092754358593 5.716782303399928 0.7308186007116386
9637.012936737648 5.967146227270308 0.7590970083947808
9640.934113013023 2.2291691834052227 0.8831021170839163
9644.855254324648 4.82906372556706 0.8305076526029885
9648.778095337882 3.1291483489858924 0.9018187255201935
9652.700981699392 1.9439582149578303 0.952408269753609
9656.625035561281 5.331842098728584 0.814995849867365
9660.549003120397 2.9382489344500056 0.8652271436353905
9664.474686420925 3.6991599094242047 0.835906079735604
9668.401073186533 5.746481974057514 0.7676990372568676
9672.32775621156 4.007162873956104 0.8278790529578098
9676.254743844242 4.133961742268876 0.8457317207611241
9680.182503603743 2.410763543235441 0.7907235039363211
9684.112855235699 3.2870018853239436 0.7456911744573601
