3065.6	19.818
3066.6	9.0519
3067.7	4.9687
3068.7	-30.386
3069.7	21.137
3070.8	-7.6222
3071.8	-38.064
3072.8	16.687
3073.9	-11.035
3074.9	-26.649
3075.9	-10.446
3077.0	18.521
3078.0	17.44
3079.0	-34.655
3080.1	-6.9417
3081.1	-22.784
3082.1	-24.833
3083.2	18.604
3084.2	-7.748
3085.2	16.292
3086.3	-22.477
3087.3	-15.734
3088.3	-18.437
3089.4	-5.0766
3090.4	13.248
3091.4	7.2872
3092.5	-2.3636
3093.5	13.885
3094.5	-22.332
3095.6	-26.276
3096.6	38.703
3097.6	5.3505
3098.7	-13.531
3099.7	-5.2248
3100.7	-33.808
3101.8	9.9997
3102.8	24.301
3103.8	32.891
3104.9	-15.164
3105.9	-19.273
3106.9	18.375
3108.0	28.941
3109.0	18.146
3110.0	-12.005
3111.1	-10.302
3112.1	-20.996
3113.1	-22.336
3114.2	-3.1725
3115.2	13.175
3116.2	7.1307
3117.3	-4.3206
3118.3	5.1286
3119.3	-0.75464
3120.4	-11.579
3121.4	7.4811
3122.4	-0.78514
3123.5	-4.1061
3124.5	-2.1273
3125.5	26.785
3126.6	6.1407
3127.6	25.838
3128.6	-3.4012
3129.7	22.045
3130.7	6.8238
3131.7	0.20013
3132.8	9.5957
3133.8	0.39201
3134.8	5.647
3135.9	-12.246
3136.9	-15.049
3137.9	7.3325
3139.0	-8.8024
3140.0	2.591
3141.0	5.2438
3142.1	0.75135
3143.1	-1.1556
3144.1	5.5079
3145.2	4.9691
3146.2	8.0568
3147.2	3.3502
3148.3	7.5642
3149.3	7.1158
3150.3	6.4915
3151.4	1.0982
3152.4	19.602
3153.4	6.4221
3154.5	6.8789
3155.5	2.5603
3156.5	0.96765
3157.6	9.6419
3158.6	3.6982
3159.6	-11.285
3160.7	14.41
3161.7	8.4206
3162.7	-1.634
3163.8	-4.3983
3164.8	-4.0362
3165.8	-11.524
3166.9	7.5438
3167.9	14.032
3168.9	-10.202
3170.0	17.516
3171.0	-1.5211
3172.0	1.8242
3173.1	-0.85214
3174.1	-8.2907
3175.1	-14.379
3176.2	1.9091
3177.2	3.5852
3178.2	-10.42
3179.3	-2.8037
3180.3	-13.144
3181.3	1.9606
3182.4	3.0498
3183.4	4.8421
3184.4	-4.9563
3185.5	12.951
3186.5	-0.61938
3187.5	-8.4282
3188.6	9.8102
3189.6	-7.7812
3190.6	-1.724
3191.7	5.7667
3192.7	-3.5382
3193.7	-3.921
3194.8	1.0246
3195.8	-7.0305
3196.8	11.601
3197.9	5.1991
3198.9	-9.9009
3199.9	-8.1229
3201.0	3.5987
3202.0	11.858
3203.0	0.087742
3204.1	0.1123
3205.1	2.7796
3206.1	0.29419
3207.2	16.815
3208.2	2.887
3209.2	9.7429
3210.3	8.4401
3211.3	-0.36995
3212.3	2.931
3213.4	8.9327
3214.4	1.2293
3215.4	16.824
3216.5	-12.861
3217.5	1.6209
3218.5	8.2613
3219.6	-4.1522
3220.6	-5.2087
3221.6	-5.4578
3222.7	2.5814
3223.7	-2.9738
3224.7	-1.8442
3225.8	16.443
3226.8	3.3097
3227.8	-8.3327
3228.9	-10.95
3229.9	-0.44243
3230.9	8.9181
3231.9	0.5353
3233.0	-10.584
3234.0	7.5487
3235.0	0.057799
3236.1	-5.3447
3237.1	-4.0309
3238.1	6.2639
3239.2	9.6441
3240.2	1.0094
3241.2	-1.4707
3242.3	12.713
3243.3	7.8865
3244.3	-8.1806
3245.4	-2.2667
3246.4	2.8615
3247.4	-3.4556
3248.5	5.0873
3249.5	-11.761
3250.5	7.0751
3251.6	15.213
3252.6	4.3095
3253.6	5.7231
3254.7	3.9013
3255.7	2.6406
3256.7	-2.6217
3257.8	-4.898
3258.8	0.49222
3259.8	6.6249
3260.9	8.9736
3261.9	5.3575
3262.9	1.8175
3264.0	-2.9271
3265.0	-0.16628
3266.0	2.7299
3267.1	7.1417
3268.1	-5.2957
3269.1	-2.4117
3270.2	2.6267
3271.2	-7.9208
3272.2	1.6049
3273.3	2.0403
3274.3	5.4745
3275.3	-4.803
3276.4	18.088
3277.4	-16.518
3278.4	4.7219
3279.5	-5.3053
3280.5	5.6494
3281.5	6.002
3282.5	15.334
3283.6	4.7387
3284.6	0.23502
3285.6	3.6424
3286.7	-8.202
3287.7	10.152
3288.7	-0.23048
3289.8	-0.69556
3290.8	-0.93065
3291.8	-8.9448
3292.9	-9.6382
3293.9	-12.783
3294.9	-7.4099
3296.0	-9.5675
3297.0	5.7053
3298.0	-8.7549
3299.1	0.014529
3300.1	-11.027
3301.1	14.466
3302.2	14.1
3303.2	4.4227
3304.2	-0.21235
3305.3	-4.2954
3306.3	4.3574
3307.3	5.7488
3308.4	15.65
3309.4	2.975
3310.4	0.55355
3311.4	4.8444
3312.5	-7.2321
3313.5	7.0951
3314.5	13.648
3315.6	13.766
3316.6	-8.4997
3317.6	10.009
3318.7	5.0451
3319.7	4.6302
3320.7	4.8891
3321.8	-1.1569
3322.8	5.9311
3323.8	12.804
3324.9	-8.5149
3325.9	-7.6996
3326.9	12.159
3328.0	-0.9793
3329.0	-1.2505
3330.0	18.15
3331.1	11.692
3332.1	-1.314
3333.1	4.8468
3334.1	-4.344
3335.2	-0.96982
3336.2	-2.8969
3337.2	-0.77354
3338.3	-7.0348
3339.3	7.0761
3340.3	-6.7791
3341.4	4.2591
3342.4	-9.472
3343.4	1.2087
3344.5	-1.5401
3345.5	-0.86476
3346.5	15.428
3347.6	-0.37237
3348.6	-2.5509
3349.6	-1.3266
3350.7	-9.2933
3351.7	-1.2652
3352.7	-1.9757
3353.7	-1.9834
3354.8	-7.5716
3355.8	-4.6645
3356.8	2.1514
3357.9	-7.7575
3358.9	-3.3504
3359.9	0.51451
3361.0	-3.895
3362.0	1.3028
3363.0	3.8547
3364.1	1.4307
3365.1	-2.5124
3366.1	4.0325
3367.2	-4.7344
3368.2	-5.8468
3369.2	2.8345
3370.2	7.5699
3371.3	-2.6376
3372.3	8.952
3373.3	0.7243
3374.4	-2.4675
3375.4	2.0428
3376.4	0.53117
3377.5	8.5254
3378.5	3.2116
3379.5	-1.7705
3380.6	10.255
3381.6	-0.089132
3382.6	-10.162
3383.7	-3.6701
3384.7	6.4267
3385.7	-5.5398
3386.7	-0.67396
3387.8	9.5907
3388.8	5.2974
3389.8	-11.967
3390.9	0.73955
3391.9	6.0183
3392.9	-2.3344
3394.0	-2.3515
3395.0	-1.4077
3396.0	2.3714
3397.1	0.94442
3398.1	3.1748
3399.1	5.5035
3400.1	-7.2779
3401.2	-2.9957
3402.2	-1.3512
3403.2	4.8947
3404.3	9.7785
3405.3	7.9383
3406.3	2.96
3407.4	-9.0703
3408.4	-9.7834
3409.4	9.9382
3410.4	5.3618
3411.5	-2.7746
3412.5	-10.524
3413.5	-8.0802
3414.6	9.8987
3415.6	-0.010324
3416.6	5.844
3417.7	-1.8604
3418.7	0.62013
3419.7	14.312
3420.7	-5.7576
3421.8	-0.62469
3422.8	7.1539
3423.8	15.155
3424.9	2.6653
3425.9	4.8723
3426.9	-4.1228
3428.0	6.2357
3429.0	-0.048216
3430.0	7.76
3431.1	-3.2484
3432.1	-2.9033
3433.1	12.938
3434.1	10.112
3435.2	-2.0599
3436.2	-7.2925
3437.2	0.38113
3438.3	6.0993
3439.3	5.4854
3440.3	-1.7443
3441.3	-1.3254
3442.4	4.4859
3443.4	-1.5744
3444.4	2.9682
3445.5	4.1111
3446.5	1.6593
3447.5	7.3759
3448.6	6.4723
3449.6	7.9684
3450.6	4.7465
3451.6	10.425
3452.7	3.4375
3453.7	-1.6841
3454.7	6.6786
3455.8	3.0542
3456.8	7.6583
3457.8	5.1322
3458.9	-2.7121
3459.9	9.0993
3460.9	1.5456
3461.9	1.1337
3463.0	4.7722
3464.0	-0.52262
3465.0	0.78378
3466.1	1.2177
3467.1	-4.6686
3468.1	-1.2761
3469.1	0.55292
3470.2	-0.52149
3471.2	2.6145
3472.2	1.4013
3473.3	5.5893
3474.3	4.3589
3475.3	3.8948
3476.3	6.4588
3477.4	2.8151
3478.4	4.0602
3479.4	10.519
3480.5	0.82154
3481.5	6.2615
3482.5	6.6054
3483.5	-0.6367
3484.6	-0.4941
3485.6	1.0887
3486.6	-1.579
3487.7	-4.2539
3488.7	7.9126
3489.7	2.7588
3490.8	11.169
3491.8	3.0193
3492.8	-3.7805
3493.8	11.598
3494.9	0.9801
3495.9	2.4837
3496.9	9.2271
3498.0	7.6247
3499.0	3.0054
3500.0	5.9027
3501.0	2.6727
3502.1	6.8945
3503.1	8.3627
3504.1	0.52811
3505.1	-1.319
3506.2	-0.089561
3507.2	3.6536
3508.2	2.4667
3509.3	-3.9895
3510.3	-0.094748
3511.3	1.5963
3512.3	2.1374
3513.4	6.1504
3514.4	3.6918
3515.4	7.4615
3516.5	7.3218
3517.5	8.5371
3518.5	-0.92345
3519.5	-0.67279
3520.6	11.065
3521.6	-3.9008
3522.6	7.4698
3523.7	7.9625
3524.7	5.0296
3525.7	-1.5224
3526.7	-2.6093
3527.8	1.8754
3528.8	9.9429
3529.8	-4.4808
3530.8	2.8885
3531.9	-2.9624
3532.9	-1.7233
3533.9	1.6488
3535.0	-2.7516
3536.0	-2.0226
3537.0	3.8892
3538.0	-4.2337
3539.1	-1.6924
3540.1	2.0737
3541.1	6.3021
3542.1	10.896
3543.2	5.9222
3544.2	2.7564
3545.2	8.1961
3546.3	4.6117
3547.3	-2.4723
3548.3	9.4146
3549.3	-0.49478
3550.4	0.58401
3551.4	1.7639
3552.4	1.1792
3553.4	1.5278
3554.5	0.03509
3555.5	-0.07943
3556.5	2.9351
3557.6	3.3886
3558.6	-2.9987
3559.6	0.77065
3560.6	-0.96964
3561.7	5.2367
3562.7	-7.1156
3563.7	-7.1846
3564.7	2.4295
3565.8	5.8832
3566.8	6.3495
3567.8	-3.909
3568.8	-6.8991
3569.9	0.59109
3570.9	5.0543
3571.9	8.6198
3573.0	-3.0816
3574.0	-2.179
3575.0	-1.308
3576.0	7.6935
3577.1	4.8082
3578.1	-2.5788
3579.1	2.0267
3580.1	4.1896
3581.2	-0.68213
3582.2	7.4549
3583.2	-0.2633
3584.2	6.4059
3585.3	3.4
3586.3	-2.0434
3587.3	2.7192
3588.3	-1.0605
3589.4	0.69363
3590.4	4.0113
3591.4	-0.15201
3592.4	-2.1193
3593.5	2.4868
3594.5	5.7434
3595.5	-1.273
3596.6	10.811
3597.6	0.30293
3598.6	-1.1515
3599.6	1.693
3600.7	3.0841
3601.7	1.6257
3602.7	-0.76164
3603.7	-5.5151
3604.8	1.5365
3605.8	0.58964
3606.8	0.44057
3607.8	-3.0562
3608.9	0.34054
3609.9	0.14881
3610.9	4.4681
3611.9	3.1162
3613.0	-0.45209
3614.0	5.4663
3615.0	0.10656
3616.0	-2.6168
3617.1	1.9599
3618.1	4.8432
3619.1	5.0589
3620.1	1.7582
3621.2	5.248
3622.2	-3.2794
3623.2	2.7941
3624.2	6.181
3625.3	0.41389
3626.3	-1.4695
3627.3	-5.3576
3628.3	6.7178
3629.4	4.4419
3630.4	-6.1454
3631.4	2.6491
3632.4	-0.60111
3633.5	-3.5103
3634.5	-0.28132
3635.5	-0.63449
3636.5	0.76826
3637.6	-3.1329
3638.6	0.26763
3639.6	0.84195
3640.6	0.85634
3641.6	1.4809
3642.7	-0.074983
3643.7	2.6143
3644.7	3.0196
3645.7	-2.1178
3646.8	-0.94777
3647.8	4.4751
3648.8	3.3623
3649.8	0.27908
3650.9	11.766
3651.9	1.8149
3652.9	9.7072
3653.9	0.83933
3655.0	2.5862
3656.0	-2.2198
3657.0	-1.8285
3658.0	3.853
3659.1	6.0232
3660.1	-1.9842
3661.1	-2.2763
3662.1	-0.19725
3663.1	1.4102
3664.2	1.9651
3665.2	1.8003
3666.2	5.9476
3667.2	1.5627
3668.3	3.6321
3669.3	-4.631
3670.3	-0.7
3671.3	-1.4453
3672.4	1.8935
3673.4	4.057
3674.4	-1.7414
3675.4	-1.4619
3676.4	4.7531
3677.5	7.8024
3678.5	5.0832
3679.5	-3.6612
3680.5	0.37343
3681.6	9.1447
3682.6	-4.1397
3683.6	-2.1649
3684.6	4.4535
3685.7	-0.69821
3686.7	-0.73163
3687.7	-1.2545
3688.7	-0.98362
3689.7	5.4363
3690.8	-3.9268
3691.8	0.16855
3692.8	0.46098
3693.8	-1.2198
3694.9	1.1828
3695.9	-6.9325
3696.9	7.2163
3697.9	3.5471
3698.9	1.8533
3700.0	1.586
3701.0	-3.0493
3702.0	7.3871
3703.0	2.6514
3704.1	-2.7576
3705.1	6.3754
3706.1	6.3996
3707.1	-1.0147
3708.1	1.7657
3709.2	10.664
3710.2	-4.5646
3711.2	0.93472
3712.2	-5.4829
3713.3	1.7852
3714.3	4.9848
3715.3	-0.86943
3716.3	-2.0425
3717.3	0.43024
3718.4	3.2052
3719.4	4.0589
3720.4	-0.57277
3721.4	-2.0849
3722.4	5.8684
3723.5	1.0319
3724.5	1.6217
3725.5	1.9768
3726.5	5.6947
3727.5	5.0227
3728.6	4.1817
3729.6	6.7855
3730.6	-5.4505
3731.6	3.5897
3732.7	-2.8768
3733.7	-0.46041
3734.7	-4.4809
3735.7	2.672
3736.7	5.1843
3737.8	4.3645
3738.8	3.2708
3739.8	6.9882
3740.8	5.8122
3741.8	-1.4194
3742.9	-2.2425
3743.9	1.7171
3744.9	-0.41632
3745.9	6.3973
3746.9	0.78593
3748.0	1.4499
3749.0	3.3991
3750.0	4.4873
3751.0	2.7124
3752.0	1.3473
3753.1	-0.36836
3754.1	4.7937
3755.1	5.8127
3756.1	10.079
3757.1	-0.89369
3758.2	6.2414
3759.2	-0.89177
3760.2	5.0554
3761.2	3.5836
3762.2	4.409
3763.3	1.3105
3764.3	2.5307
3765.3	-1.7611
3766.3	5.2459
3767.3	-1.8412
3768.4	-0.72553
3769.4	6.8102
3770.4	0.80181
3771.4	5.2413
3772.4	7.9558
3773.5	-2.0141
3774.5	-6.362
3775.5	9.5547
3776.5	4.7478
3777.5	-6.4727
3778.5	3.5365
3779.6	2.8393
3780.6	-0.21054
3781.6	7.3119
3782.6	3.9204
3783.6	5.5479
3784.7	-6.0972
3785.7	3.3122
3786.7	4.5159
3787.7	0.54305
3788.7	2.3183
3789.8	2.0418
3790.8	0.96144
3791.8	-6.1706
3792.8	-1.6951
3793.8	0.8855
3794.8	-1.8264
3795.9	2.0722
3796.9	0.33012
3797.9	3.4221
3798.9	-4.3446
3799.9	2.013
3800.9	1.2792
3802.0	-3.1683
3803.0	-1.5651
3804.0	0.80329
3805.0	2.3225
3806.0	3.4517
3807.1	-2.3515
3808.1	1.4446
3809.1	1.9706
3810.1	-7.2661
3811.1	-5.6957
3812.1	-0.89762
3813.2	0.24567
3814.2	-2.6989
3815.2	5.7314
3816.2	3.3041
3817.2	4.5198
3818.2	2.4732
3819.3	0.84726
3820.3	2.1733
3821.3	9.9955
3822.3	1.7475
3823.3	1.9714
3824.3	5.2261
3825.4	3.6799
3826.4	4.7794
3827.4	-2.5005
3828.4	5.2205
3829.4	-1.3035
3830.4	-2.6709
3831.5	-0.84033
3832.5	6.6681
3833.5	-0.93263
3834.5	0.36816
3835.5	-2.5963
3836.5	1.1387
3837.6	0.0065278
3838.6	5.5887
3839.6	-0.021176
3840.6	5.1436
3841.6	0.32358
3842.6	-1.4746
3843.7	7.9408
3844.7	0.82648
3845.7	0.4711
3846.7	3.682
3847.7	0.75815
3848.7	1.7459
3849.8	2.5535
3850.8	2.4453
3851.8	-1.404
3852.8	2.1819
3853.8	-0.38569
3854.8	-4.6042
3855.8	1.2263
3856.9	5.4199
3857.9	-1.3538
3858.9	-8.3234
3859.9	0.75721
3860.9	4.1556
3861.9	4.2531
3863.0	4.3074
3864.0	1.6732
3865.0	5.5924
3866.0	4.4656
3867.0	9.7685
3868.0	3.9003
3869.0	4.9073
3870.1	2.1191
3871.1	0.91918
3872.1	2.9853
3873.1	4.3283
3874.1	7.8408
3875.1	1.6244
3876.1	-0.75095
3877.2	0.455
3878.2	5.2483
3879.2	1.1987
3880.2	5.2896
3881.2	-1.4166
3882.2	3.0016
3883.2	4.0149
3884.3	0.21831
3885.3	-1.64
3886.3	6.4479
3887.3	2.9134
3888.3	3.6195
3889.3	-1.1915
3890.3	3.2386
3891.4	6.4349
3892.4	-3.7329
3893.4	6.0914
3894.4	1.2238
3895.4	4.2321
3896.4	7.7111
3897.4	3.1962
3898.4	4.4926
3899.5	1.8026
3900.5	3.9502
3901.5	4.4848
3902.5	0.311
3903.5	4.221
3904.5	-2.0312
3905.5	1.6368
3906.5	3.171
3907.6	8.9538
3908.6	-0.79724
3909.6	0.56353
3910.6	5.8181
3911.6	0.84847
3912.6	2.652
3913.6	8.4559
3914.6	6.3967
3915.7	3.0972
3916.7	-5.0965
3917.7	6.676
3918.7	-1.1463
3919.7	3.6455
3920.7	2.1907
3921.7	-1.3049
3922.7	2.8666
3923.8	4.2585
3924.8	-1.8578
3925.8	2.108
3926.8	-0.18417
3927.8	-0.27362
3928.8	3.9995
3929.8	4.142
3930.8	1.732
3931.8	0.54411
3932.9	1.7946
3933.9	2.4039
3934.9	3.7634
3935.9	5.9476
3936.9	2.9249
3937.9	1.6261
3938.9	3.4695
3939.9	5.1238
3941.0	3.5332
3942.0	0.90353
3943.0	1.8997
3944.0	1.6643
3945.0	4.4905
3946.0	1.305
3947.0	3.5443
3948.0	1.0241
3949.0	3.0422
3950.0	0.41002
3951.1	0.79709
3952.1	-3.6356
3953.1	-1.9146
3954.1	-0.23084
3955.1	3.5977
3956.1	-0.13678
3957.1	1.8214
3958.1	9.5412
3959.1	4.8202
3960.1	5.1301
3961.2	2.755
3962.2	-1.5218
3963.2	5.1421
3964.2	0.83961
3965.2	2.1945
3966.2	-0.47307
3967.2	0.40261
3968.2	4.3352
3969.2	4.4905
3970.2	2.7445
3971.3	4.0667
3972.3	4.9818
3973.3	0.36537
3974.3	3.1597
3975.3	1.6772
3976.3	7.2266
3977.3	2.272
3978.3	2.3517
3979.3	-2.0112
3980.3	-3.0821
3981.3	4.4992
3982.4	-0.90844
3983.4	3.2137
3984.4	3.4739
3985.4	2.3235
3986.4	-0.22952
3987.4	0.69602
3988.4	0.72439
3989.4	0.87049
3990.4	1.8463
3991.4	1.0627
3992.4	6.5693
3993.4	-1.5843
3994.4	6.2835
3995.5	-3.5755
3996.5	-0.51069
3997.5	3.1659
3998.5	-1.6418
3999.5	-2.5098
4000.5	-1.44
4001.5	-1.9282
4002.5	-0.11325
4003.5	3.1238
4004.5	-3.1811
4005.5	-5.5086
4006.5	-3.2624
4007.5	4.2349
4008.6	2.8773
4009.6	2.0619
4010.6	2.0456
4011.6	1.8683
4012.6	-5.3794
4013.6	10.09
4014.6	-2.7089
4015.6	2.2208
4016.6	2.3365
4017.6	-5.7068
4018.6	1.6993
4019.6	0.98625
4020.6	-1.7973
4021.6	-0.10043
4022.6	4.8477
4023.7	0.35119
4024.7	2.5818
4025.7	-0.29682
4026.7	0.70433
4027.7	1.1277
4028.7	-0.38289
4029.7	4.2809
4030.7	3.73
4031.7	4.3866
4032.7	6.0926
4033.7	0.0047266
4034.7	1.2237
4035.7	-1.0247
4036.7	-1.7152
4037.7	2.0997
4038.7	1.4927
4039.7	2.1592
4040.8	4.2495
4041.8	0.76027
4042.8	-1.2704
4043.8	-4.5758
4044.8	0.35038
4045.8	3.0203
4046.8	-1.23
4047.8	3.3198
4048.8	-0.77781
4049.8	-1.5926
4050.8	-4.4228
4051.8	3.5571
4052.8	3.7371
4053.8	2.4699
4054.8	0.79376
4055.8	7.1966
4056.8	5.9754
4057.8	-3.469
4058.8	-0.14803
4059.8	-2.193
4060.8	4.1679
4061.8	0.80134
4062.8	-2.7968
4063.9	-2.9344
4064.9	4.1632
4065.9	2.9947
4066.9	2.3861
4067.9	-1.0188
4068.9	2.7637
4069.9	1.971
4070.9	6.5474
4071.9	0.76309
4072.9	0.63787
4073.9	-0.041887
4074.9	0.78108
4075.9	-0.23891
4076.9	1.6241
4077.9	1.819
4078.9	3.2213
4079.9	4.632
4080.9	-1.1841
4081.9	-0.84025
4082.9	3.3107
4083.9	5.0901
4084.9	0.19646
4085.9	3.6251
4086.9	3.9062
4087.9	4.2563
4088.9	5.863
4089.9	2.4992
4090.9	-1.6851
4091.9	6.0175
4092.9	0.10264
4093.9	1.3552
4094.9	14.371
4095.9	-0.53458
4096.9	2.6595
4097.9	0.61915
4098.9	4.8525
4099.9	4.5648
4100.9	5.2165
4101.9	2.5838
4102.9	3.2447
4103.9	4.5448
4104.9	3.7391
4106.0	-2.4296
4107.0	-2.4367
4108.0	-0.0096099
4109.0	2.3855
4110.0	-0.82435
4111.0	6.8094
4112.0	2.9936
4113.0	6.8145
4114.0	4.4696
4115.0	3.9277
4116.0	-3.7814
4117.0	-2.656
4118.0	1.596
4119.0	1.875
4120.0	5.2795
4121.0	-0.40025
4122.0	4.5136
4123.0	4.2274
4124.0	4.8216
4125.0	6.597
4126.0	0.23959
4127.0	3.4525
4128.0	8.8408
4129.0	-0.80471
4130.0	7.5062
4131.0	4.9458
4132.0	4.6593
4133.0	8.9532
4134.0	2.4395
4135.0	1.5647
4135.9	3.1539
4136.9	9.193
4137.9	5.3031
4138.9	1.6516
4139.9	3.2691
4140.9	4.1629
4141.9	2.5002
4142.9	7.0868
4143.9	8.5343
4144.9	2.2352
4145.9	5.6401
4146.9	2.0615
4147.9	0.16447
4148.9	4.5963
4149.9	-4.3005
4150.9	2.6204
4151.9	0.11595
4152.9	2.9705
4153.9	-0.97624
4154.9	5.347
4155.9	7.6096
4156.9	-2.4585
4157.9	2.4866
4158.9	-0.0062323
4159.9	0.34209
4160.9	0.86295
4161.9	2.0002
4162.9	3.5489
4163.9	6.7673
4164.9	5.6455
4165.9	3.4964
4166.9	4.4733
4167.9	1.5508
4168.9	9.934
4169.9	2.121
4170.9	7.0308
4171.9	6.0257
4172.9	-0.21834
4173.9	4.0712
4174.9	2.2944
4175.9	2.776
4176.8	7.3764
4177.8	1.4752
4178.8	-1.6874
4179.8	-0.4233
4180.8	-0.69689
4181.8	0.4457
4182.8	-1.0428
4183.8	5.3817
4184.8	4.1308
4185.8	4.6846
4186.8	1.5706
4187.8	6.6802
4188.8	0.45096
4189.8	5.0841
4190.8	8.378
4191.8	9.3991
4192.8	3.0079
4193.8	4.0547
4194.8	3.5857
4195.8	-0.26436
4196.8	6.2376
4197.8	7.5223
4198.7	7.7226
4199.7	8.9787
4200.7	2.7895
4201.7	4.9997
4202.7	-0.89907
4203.7	4.2919
4204.7	1.6429
4205.7	3.6469
4206.7	6.3239
4207.7	4.4632
4208.7	6.5099
4209.7	7.4397
4210.7	7.1515
4211.7	1.8613
4212.7	4.2744
4213.7	-1.4232
4214.6	1.7755
4215.6	4.7586
4216.6	1.8772
4217.6	8.5214
4218.6	8.0454
4219.6	-2.4406
4220.6	4.4547
4221.6	1.2925
4222.6	3.877
4223.6	2.9874
4224.6	6.4366
4225.6	-3.5784
4226.6	12.428
4227.6	2.2091
4228.5	8.2768
4229.5	3.8582
4230.5	1.7071
4231.5	5.5959
4232.5	3.3116
4233.5	1.5939
4234.5	5.8113
4235.5	8.327
4236.5	2.3594
4237.5	4.7407
4238.5	3.2098
4239.5	1.1614
4240.5	5.3502
4241.4	1.7062
4242.4	5.1173
4243.4	3.0258
4244.4	0.44468
4245.4	4.3221
4246.4	3.5182
4247.4	2.467
4248.4	6.6045
4249.4	3.8097
4250.4	7.381
4251.4	3.6802
4252.3	10.294
4253.3	8.9506
4254.3	3.4407
4255.3	4.8608
4256.3	3.5588
4257.3	3.042
4258.3	1.5059
4259.3	2.4314
4260.3	1.9952
4261.3	0.5548
4262.2	11.118
4263.2	3.0205
4264.2	0.091462
4265.2	0.97471
4266.2	7.2006
4267.2	-4.5569
4268.2	9.6258
4269.2	-0.62145
4270.2	4.9773
4271.1	8.0001
4272.1	3.3291
4273.1	1.6899
4274.1	2.8034
4275.1	3.5116
4276.1	2.9732
4277.1	-1.6472
4278.1	9.1711
4279.1	3.1892
4280.0	2.65
4281.0	7.7491
4282.0	3.2857
4283.0	1.9916
4284.0	6.9191
4285.0	3.4161
4286.0	3.1254
4287.0	2.6284
4288.0	5.6422
4288.9	3.3515
4289.9	8.3744
4290.9	8.1925
4291.9	5.9418
4292.9	5.1274
4293.9	6.2452
4294.9	7.3184
4295.9	5.3244
4296.8	6.9983
4297.8	-1.8059
4298.8	9.5724
4299.8	11.349
4300.8	7.0266
4301.8	-0.80779
4302.8	6.2517
4303.7	6.2198
4304.7	3.8983
4305.7	-1.4936
4306.7	2.3063
4307.7	3.1434
4308.7	3.2906
4309.7	2.5001
4310.7	2.9244
4311.6	7.0325
4312.6	-4.194
4313.6	5.623
4314.6	9.2307
4315.6	-4.1196
4316.6	5.7069
4317.5	1.5407
4318.5	0.065007
4319.5	1.8757
4320.5	-5.2466
4321.5	5.3315
4322.5	1.9063
4323.5	4.6427
4324.4	8.7049
4325.4	5.7289
4326.4	2.0764
4327.4	2.7264
4328.4	5.2989
4329.4	7.2504
4330.4	5.931
4331.3	3.3098
4332.3	0.17545
4333.3	4.2841
4334.3	13.686
4335.3	9.3735
4336.3	3.1074
4337.2	1.4805
4338.2	6.2873
4339.2	5.2889
4340.2	-7.3984
4341.2	3.7031
4342.2	4.5086
4343.1	5.5309
4344.1	-0.28083
4345.1	5.1944
4346.1	1.1231
4347.1	9.4699
4348.1	-5.0357
4349.0	4.5478
4350.7	4.2723
4352.0	-4.7097
4353.4	-1.2916
4354.7	3.3025
4356.0	1.7976
4357.4	-0.017978
4358.7	0.59085
4360.1	2.0861
4361.4	3.282
4362.7	2.7686
4364.1	0.3684
4365.4	2.2777
4366.7	4.3732
4368.1	2.3231
4369.4	3.7955
4370.7	3.2828
4372.1	1.6468
4373.4	7.2217
4374.8	6.8234
4376.1	-0.32971
4377.4	3.4762
4378.8	1.4936
4380.1	4.0897
4381.4	-0.73932
4382.8	3.7405
4384.1	1.8922
4385.5	4.3487
4386.8	1.7899
4388.1	1.2667
4389.5	0.78421
4390.8	-1.004
4392.1	0.41921
4393.5	0.32302
4394.8	1.4663
4396.1	5.2776
4397.5	-0.38579
4398.8	1.4161
4400.2	1.8767
4401.5	9.4064
4402.8	3.7413
4404.2	5.8931
4405.5	1.7013
4406.8	2.8746
4408.2	1.1133
4409.5	1.6755
4410.8	1.5815
4412.2	-4.835
4413.5	6.7629
4414.9	-0.73683
4416.2	-0.39378
4417.5	1.0377
4418.9	-0.54581
4420.2	1.1992
4421.5	-0.58739
4422.9	0.19969
4424.2	0.73359
4425.5	3.4239
4426.9	2.2821
4428.2	9.2568
4429.6	0.95683
4430.9	-3.367
4432.2	2.2123
4433.6	1.3405
4434.9	0.29083
4436.2	7.8127
4437.6	-2.3869
4438.9	4.8764
4440.2	2.3875
4441.6	6.0564
4442.9	-0.23959
4444.3	1.7688
4445.6	4.7336
4446.9	2.4863
4448.3	3.2484
4449.6	0.21821
4450.9	-0.75839
4452.3	3.6693
4453.6	2.99
4454.9	4.5913
4456.3	2.1423
4457.6	2.4735
4459.0	6.3169
4460.3	-2.712
4461.6	2.9591
4463.0	6.4365
4464.3	3.5057
4465.6	1.7967
4467.0	5.2304
4468.3	5.3028
4469.6	2.2297
4471.0	2.3212
4472.3	2.3878
4473.6	1.6518
4475.0	1.6979
4476.3	2.2434
4477.7	6.0442
4479.0	0.94841
4480.3	6.4532
4481.7	4.4631
4483.0	5.9208
4484.3	3.9048
4485.7	2.0316
4487.0	2.8408
4488.3	2.8607
4489.7	-1.0192
4491.0	6.6006
4492.3	4.2522
4493.7	2.248
4495.0	2.072
4496.4	2.1078
4497.7	2.2135
4499.0	5.0192
4500.4	6.0206
4501.7	2.8622
4503.0	2.9013
4504.4	8.5334
4505.7	-0.070847
4507.0	1.5891
4508.4	5.5538
4509.7	4.0807
4511.0	3.3688
4512.4	6.0978
4513.7	2.5583
4515.0	-0.64167
4516.4	1.4765
4517.7	1.0022
4519.0	1.8815
4520.4	5.7739
4521.7	6.1579
4523.1	5.1657
4524.4	1.4383
4525.7	1.8808
4527.1	2.2599
4528.4	4.1182
4529.7	1.9958
4531.1	7.3339
4532.4	7.816
4533.7	1.8034
4535.1	4.2237
4536.4	0.7066
4537.7	7.7745
4539.1	2.2537
4540.4	3.5689
4541.7	2.7403
4543.1	5.0099
4544.4	2.3574
4545.7	1.6226
4547.1	0.57657
4548.4	5.3236
4549.7	0.63252
4551.1	0.99885
4552.4	-1.2371
4553.7	2.1775
4555.1	9.747
4556.4	5.3367
4557.8	3.9049
4559.1	7.2022
4560.4	4.8151
4561.8	1.0651
4563.1	3.3638
4564.4	6.1949
4565.8	1.3988
4567.1	3.087
4568.4	6.8814
4569.8	4.6822
4571.1	6.1818
4572.4	4.0746
4573.8	1.8
4575.1	4.3016
4576.4	5.1851
4577.8	1.539
4579.1	4.055
4580.4	3.3052
4581.8	6.6463
4583.1	5.7373
4584.4	8.1168
4585.8	1.9124
4587.1	7.3155
4588.4	3.1883
4589.8	5.2274
4591.1	2.9683
4592.4	2.3451
4593.8	5.5745
4595.1	10.587
4596.4	4.4766
4597.8	4.0511
4599.1	5.7561
4600.4	3.1082
4601.8	1.2515
4603.1	0.059164
4604.4	7.9498
4605.8	0.25514
4607.1	3.9497
4608.4	3.1075
4609.8	1.9241
4611.1	4.432
4612.4	1.1561
4613.8	4.2186
4615.1	4.1996
4616.4	2.7534
4617.8	6.3114
4619.1	2.3897
4620.4	2.5026
4621.7	5.7068
4623.1	0.52148
4624.4	2.7101
4625.7	1.8234
4627.1	3.8391
4628.4	1.4751
4629.7	1.7173
4631.1	1.5128
4632.4	2.2165
4633.7	4.0098
4635.1	3.6757
4636.4	4.3934
4637.7	0.35026
4639.1	10.068
4640.4	2.9366
4641.7	3.7359
4643.1	4.6736
4644.4	2.094
4645.7	0.89339
4647.1	-1.2459
4648.4	3.8411
4649.7	0.62286
4651.1	4.6145
4652.4	1.3155
4653.7	5.2058
4655.0	4.1007
4656.4	2.1577
4657.7	3.2208
4659.0	1.0844
4660.4	2.9592
4661.7	3.0225
4663.0	4.2736
4664.4	4.1889
4665.7	5.322
4667.0	6.0944
4668.4	-0.55654
4669.7	-0.2332
4671.0	3.0507
4672.4	4.1622
4673.7	4.334
4675.0	3.5104
4676.3	5.1498
4677.7	3.608
4679.0	3.5475
4680.3	1.7449
4681.7	-0.059922
4683.0	0.62777
4684.3	6.5582
4685.7	0.87789
4687.0	4.6083
4688.3	4.6136
4689.6	6.9991
4691.0	5.8198
4692.3	6.3567
4693.6	6.6168
4695.0	1.5191
4696.3	12.309
4697.6	2.8279
4699.0	5.9503
4700.3	6.7302
4701.6	3.4019
4702.9	6.4118
4704.3	7.2392
4705.6	3.9478
4706.9	3.1785
4708.3	2.8044
4709.6	3.9728
4710.9	2.1788
4712.3	2.0725
4713.6	8.0862
4714.9	8.3047
4716.2	4.0013
4717.6	3.4285
4718.9	6.2237
4720.2	3.132
4721.6	3.2913
4722.9	4.7725
4724.2	7.4177
4725.5	4.8056
4726.9	5.2828
4728.2	5.8826
4729.5	4.7253
4730.9	3.5552
4732.2	4.2963
4733.5	3.8454
4734.8	5.5735
4736.2	4.4723
4737.5	8.3859
4738.8	5.5074
4740.2	4.3033
4741.5	6.8332
4742.8	2.4475
4744.1	2.7693
4745.5	6.4308
4746.8	7.5198
4748.1	6.5034
4749.5	5.6415
4750.8	5.0613
4752.1	5.3464
4753.4	5.1279
4754.8	3.2273
4756.1	5.4174
4757.4	3.1155
4758.7	3.0317
4760.1	4.4891
4761.4	3.308
4762.7	4.5053
4764.1	4.4766
4765.4	5.4828
4766.7	4.7319
4768.0	8.3037
4769.4	5.2822
4770.7	5.4897
4772.0	4.8758
4773.3	3.0211
4774.7	6.1093
4776.0	7.5942
4777.3	4.3898
4778.7	6.4384
4780.0	3.6194
4781.3	8.0695
4782.6	2.6245
4784.0	4.4425
4785.3	2.2918
4786.6	5.1818
4787.9	5.4868
4789.3	7.3381
4790.6	5.7372
4791.9	7.6742
4793.2	4.2308
4794.6	4.1129
4795.9	6.865
4797.2	3.5895
4798.5	4.1718
4799.9	5.5258
4801.2	7.877
4802.5	3.6171
4803.8	6.75
4805.2	5.3601
4806.5	6.1877
4807.8	4.4676
4809.1	7.3393
4810.5	7.8089
4811.8	2.6279
4813.1	6.4122
4814.5	7.1486
4815.8	3.8822
4817.1	5.4127
4818.4	7.1075
4819.7	3.589
4821.1	6.3999
4822.4	5.5081
4823.7	5.8916
4825.0	7.0855
4826.4	6.1548
4827.7	6.254
4829.0	7.6477
4830.3	10.329
4831.7	7.3027
4833.0	2.2535
4834.3	2.5449
4835.6	6.5543
4837.0	7.2078
4838.3	5.5851
4839.6	6.141
4840.9	6.2136
4842.3	6.6084
4843.6	2.4367
4844.9	4.7581
4846.2	6.1759
4847.6	6.3227
4848.9	3.0731
4850.2	6.8562
4851.5	2.7654
4852.8	3.9426
4854.2	5.864
4855.5	4.8561
4856.8	4.0687
4858.1	2.0869
4859.5	5.2802
4860.8	5.8593
4862.1	5.9662
4863.4	7.0634
4864.7	0.98126
4866.1	2.5881
4867.4	2.9174
4868.7	5.4371
4870.0	3.794
4871.4	2.697
4872.7	4.2715
4874.0	5.1332
4875.3	4.7957
4876.6	3.3507
4878.0	4.1452
4879.3	5.1952
4880.6	4.1758
4881.9	2.6829
4883.3	5.4212
4884.6	3.8101
4885.9	4.4394
4887.2	2.7838
4888.5	5.1132
4889.9	4.5577
4891.2	3.3178
4892.5	4.6657
4893.8	4.9737
4895.1	7.0779
4896.5	6.0385
4897.8	4.2597
4899.1	0.98524
4900.4	3.3767
4901.7	5.6378
4903.1	4.0042
4904.4	4.3343
4905.7	1.034
4907.0	2.3708
4908.3	2.5665
4909.7	1.6876
4911.0	1.0055
4912.3	2.9093
4913.6	3.4759
4914.9	2.2
4916.3	1.9008
4917.6	3.7942
4918.9	1.622
4920.2	4.2705
4921.5	2.9824
4922.9	6.0114
4924.2	4.4535
4925.5	0.0013653
4926.8	3.7405
4928.1	1.4102
4929.5	5.2783
4930.8	2.944
4932.1	3.6776
4933.4	0.90379
4934.7	6.8146
4936.0	1.8134
4937.4	5.9595
4938.7	1.5706
4940.0	0.20511
4941.3	3.7102
4942.6	3.5736
4944.0	3.3938
4945.3	3.0585
4946.6	1.3072
4947.9	5.6521
4949.2	6.047
4950.5	3.4387
4951.9	4.2477
4953.2	1.8859
4954.5	1.8028
4955.8	0.089699
4957.1	2.1598
4958.4	4.2161
4959.8	5.5547
4961.1	3.0883
4962.4	2.2433
4963.7	2.2201
4965.0	2.6418
4966.3	-0.078002
4967.7	0.059898
4969.0	2.758
4970.3	3.6454
4971.6	0.3918
4972.9	2.0235
4974.2	2.3744
4975.6	3.4716
4976.9	4.0613
4978.2	2.8705
4979.5	3.3025
4980.8	2.8692
4982.1	4.734
4983.5	5.5346
4984.8	2.7214
4986.1	5.7307
4987.4	3.0425
4988.7	3.1192
4990.0	4.0584
4991.3	3.5832
4992.7	3.1816
4994.0	3.7847
4995.3	5.0329
4996.6	1.766
4997.9	3.8849
4999.2	3.0782
5000.5	6.5353
5001.9	6.7333
5003.2	6.6515
5004.5	6.3588
5005.8	3.715
5007.1	5.647
5008.4	5.103
5009.7	2.845
5011.1	6.1588
5012.4	2.5848
5013.7	4.2796
5015.0	6.5714
5016.3	6.4164
5017.6	3.491
5018.9	4.5258
5020.2	2.4064
5021.5	5.748
5022.9	4.3781
5024.2	6.2637
5025.5	6.5919
5026.8	4.9055
5028.1	6.5798
5029.4	5.152
5030.7	3.6084
5032.0	3.3898
5033.3	3.2063
5034.6	9.886
5035.9	3.8761
5037.3	7.1757
5038.6	7.9944
5039.9	4.6075
5041.2	6.135
5042.5	7.6579
5043.8	5.5477
5045.1	6.6231
5046.4	7.3059
5047.7	5.5606
5049.0	3.8154
5050.3	5.4968
5051.6	7.464
5052.9	7.1308
5054.2	6.4075
5055.6	9.7527
5056.9	8.4316
5058.2	5.5016
5059.5	5.3683
5060.8	8.5369
5062.1	6.4699
5063.4	6.1424
5064.7	8.3951
5066.0	7.748
5067.3	6.7192
5068.6	9.7675
5069.9	8.2505
5071.2	2.9711
5072.5	7.1925
5073.8	6.0277
5075.1	7.367
5076.4	5.2915
5077.8	7.9875
5079.1	4.8406
5080.4	6.6849
5081.7	4.8688
5083.0	8.7845
5084.3	9.5669
5085.6	5.6262
5086.9	4.7882
5088.2	7.3997
5089.5	7.4646
5090.8	7.5241
5092.1	7.032
5093.4	7.2089
5094.7	7.1603
5096.0	8.7609
5097.3	6.826
5098.6	3.6284
5099.9	6.7204
5101.2	2.8656
5102.5	4.8011
5103.8	8.2181
5105.1	4.3193
5106.4	6.2088
5107.7	6.4085
5109.0	7.1805
5110.3	7.6226
5111.6	3.5905
5112.9	5.5269
5114.2	5.4256
5115.6	5.4752
5116.9	5.7068
5118.2	4.0712
5119.5	3.7022
5120.8	4.4402
5122.1	2.3727
5123.4	6.7303
5124.7	5.4616
5126.0	4.1836
5127.3	3.4561
5128.6	2.2798
5129.9	5.3921
5131.2	4.6089
5132.5	6.4143
5133.8	3.0022
5135.1	5.9681
5136.4	5.251
5137.7	3.8351
5139.0	5.2214
5140.3	6.2084
5141.6	4.7754
5142.9	2.5031
5144.2	4.779
5145.5	5.064
5146.8	4.5551
5148.1	4.5937
5149.4	4.3074
5150.7	5.1122
5152.0	6.143
5153.3	5.5547
5154.6	5.9951
5155.9	5.3174
5157.2	8.2914
5158.5	5.8009
5159.8	2.9732
5161.1	6.3177
5162.4	3.596
5163.6	4.6969
5164.9	5.5216
5166.2	6.0186
5167.5	7.2566
5168.8	5.0763
5170.1	4.19
5171.4	5.5003
5172.7	5.668
5174.0	7.9715
5175.3	7.785
5176.6	5.815
5177.9	5.6394
5179.2	4.8584
5180.5	5.9452
5181.8	3.8825
5183.1	6.7078
5184.4	4.8953
5185.7	5.1876
5187.0	3.7817
5188.3	7.0078
5189.6	5.9375
5190.9	5.4008
5192.2	5.7402
5193.5	6.2778
5194.8	6.9884
5196.1	6.1208
5197.4	6.3775
5198.7	5.8314
5199.9	6.6805
5201.2	6.4573
5202.5	8.3068
5203.8	4.9503
5205.1	7.4236
5206.4	6.2778
5207.7	5.1626
5209.0	6.242
5210.3	3.1228
5211.6	5.0908
5212.9	7.8765
5214.2	7.5429
5215.5	7.1517
5216.8	7.2582
5218.1	6.6977
5219.4	7.0802
5220.6	5.7119
5221.9	6.1438
5223.2	6.9848
5224.5	4.6738
5225.8	3.1651
5227.1	5.4426
5228.4	6.247
5229.7	7.5075
5231.0	2.7519
5232.3	3.8098
5233.6	6.9249
5234.9	5.027
5236.2	5.7536
5237.4	4.9179
5238.7	5.0751
5240.0	6.1077
5241.3	4.996
5242.6	3.387
5243.9	3.7962
5245.2	6.4882
5246.5	3.4391
5247.8	4.4206
5249.1	5.6288
5250.4	5.2153
5251.6	6.0907
5252.9	6.0185
5254.2	5.8181
5255.5	5.4279
5256.8	4.5986
5258.1	3.7354
5259.4	2.307
5260.7	6.3485
5262.0	4.1425
5263.3	2.2307
5264.5	4.1742
5265.8	5.3392
5267.1	4.842
5268.4	5.5728
5269.7	3.4206
5271.0	6.6203
5272.3	4.4631
5273.6	2.0869
5274.8	3.1265
5276.1	6.2165
5277.4	7.0439
5278.7	3.1757
5280.0	4.0268
5281.3	5.3766
5282.6	4.2924
5283.9	4.8603
5285.1	4.4777
5286.4	2.7424
5287.7	4.094
5289.0	3.8564
5290.3	2.0207
5291.6	6.7162
5292.9	5.248
5294.2	1.507
5295.4	4.9273
5296.7	2.979
5298.0	3.4263
5299.3	2.7325
5300.6	3.8663
5301.9	5.6988
5303.2	4.7742
5304.4	3.084
5305.7	5.1234
5307.0	3.4178
5308.3	5.4762
5309.6	3.6263
5310.9	5.1765
5312.1	1.523
5313.4	4.4767
5314.7	5.201
5316.0	1.5304
5317.3	4.6068
5318.6	3.6945
5319.9	4.4108
5321.1	3.9306
5322.4	5.6471
5323.7	2.7707
5325.0	3.4611
5326.3	3.9541
5327.6	2.3767
5328.8	4.405
5330.1	2.87
5331.4	4.2715
5332.7	4.6912
5334.0	4.1639
5335.2	6.0159
5336.5	4.6483
5337.8	3.1172
5339.1	3.1356
5340.4	5.3467
5341.7	2.7462
5342.9	3.3864
5344.2	3.8913
5345.5	4.7387
5346.8	6.8049
5348.1	6.0359
5349.3	5.0861
5350.6	3.9929
5351.9	5.2197
5353.2	4.8308
5354.5	4.2247
5355.7	5.6498
5357.0	6.0738
5358.3	5.0804
5359.6	3.5707
5360.9	5.9738
5362.1	2.684
5363.4	0.92625
5364.7	4.4373
5366.0	5.1969
5367.3	6.0126
5368.5	1.8582
5369.8	5.6835
5371.1	3.9577
5372.4	5.0745
5373.7	6.3262
5374.9	5.4085
5376.2	4.77
5377.5	6.2595
5378.8	3.1549
5380.0	3.6449
5381.3	1.38
5382.6	4.1155
5383.9	4.2343
5385.2	2.7935
5386.4	4.8476
5387.7	3.1701
5389.0	4.4959
5390.3	5.1635
5391.5	3.0096
5392.8	5.2738
5394.1	5.4741
5395.4	3.8403
5396.6	6.7002
5397.9	0.14944
5399.2	4.6519
5400.5	4.6061
5401.7	4.9211
5403.0	5.2963
5404.3	3.9013
5405.6	5.712
5406.8	1.5629
5408.1	6.4868
5409.4	2.9936
5410.7	4.24
5411.9	4.8673
5413.2	3.5595
5414.5	5.5778
5415.8	5.7597
5417.0	6.1712
5418.3	5.2474
5419.6	5.9092
5420.9	6.5446
5422.1	5.6378
5423.4	3.0335
5424.7	6.5874
5426.0	6.6012
5427.2	6.3326
5428.5	6.3747
5429.8	1.8263
5431.0	3.8567
5432.3	4.6246
5433.6	5.8746
5434.9	5.3066
5436.1	4.2587
5437.4	5.9899
5438.7	6.1953
5440.0	5.4553
5441.2	4.6166
5442.5	3.9491
5443.8	1.5394
5445.0	2.3861
5446.3	3.6579
5447.6	5.4425
5448.8	5.7234
5450.1	5.4813
5451.4	4.668
5452.7	5.0619
5453.9	3.7255
5455.2	4.2447
5456.5	2.9047
5457.7	4.3635
5459.0	5.1709
5460.3	5.3612
5461.5	2.959
5462.8	6.8486
5464.1	5.308
5465.4	7.7876
5466.6	4.287
5467.9	4.5486
5469.2	6.1529
5470.4	6.4385
5471.7	5.5666
5473.0	5.139
5474.2	4.7728
5475.5	5.682
5476.8	6.8868
5478.0	5.2118
5479.3	4.928
5480.6	6.1576
5481.8	4.3217
5483.1	3.3131
5484.4	3.5191
5485.6	4.2424
5486.9	4.689
5488.2	6.8971
5489.4	4.7082
5490.7	5.0161
5492.0	6.3984
5493.2	4.4474
5494.5	3.9823
5495.8	5.6267
5497.0	5.0139
5498.3	4.0975
5499.6	5.8184
5500.8	2.9488
5502.1	5.5222
5503.3	6.8566
5504.6	4.3519
5505.9	5.0358
5507.1	3.8667
5508.4	3.7471
5509.7	4.1901
5510.9	2.8284
5512.2	5.6688
5513.5	4.5111
5514.7	5.4369
5516.0	4.9083
5517.2	4.3659
5518.5	7.6395
5519.8	5.8146
5521.0	3.679
5522.3	4.5474
5523.6	5.7404
5524.8	5.2941
5526.1	3.6989
5527.3	7.9053
5528.6	5.5234
5529.9	4.3377
5531.1	4.3009
5532.4	7.529
5533.7	4.7434
5534.9	5.5504
5536.2	4.8269
5537.4	4.2265
5538.7	3.3105
5540.0	5.5119
5541.2	5.9905
5542.5	4.0584
5543.7	4.1347
5545.0	3.6392
5546.3	4.118
5547.5	4.7979
5548.8	3.004
5550.0	5.4366
5551.3	6.1191
5552.6	4.6982
5553.8	3.9473
5555.1	5.0938
5556.3	5.4837
5557.6	5.9822
5558.8	2.6312
5560.1	4.0034
5561.4	5.0677
5562.6	2.7778
5563.9	2.4787
5565.1	3.5536
5566.4	4.9501
5567.6	5.9776
5568.9	4.2437
5570.2	4.3225
5571.4	3.7689
5572.7	5.6529
5573.9	7.6597
5575.2	0.67691
5576.4	8.2373
5577.7	5.777
5579.0	8.1328
5580.2	5.2485
5581.5	5.5373
5582.7	7.183
5584.0	6.2793
5585.2	2.7608
5586.5	7.689
5587.7	5.5902
5589.0	4.0832
5590.2	5.2615
5591.5	5.4254
5592.8	5.6418
5594.0	5.5402
5595.3	3.6187
5596.5	3.5991
5597.8	5.2499
5599.0	4.5477
5600.3	5.8789
5601.5	4.5863
5602.8	3.548
5604.0	6.3952
5605.3	5.7554
5606.5	6.0111
5607.8	3.4234
5609.0	5.4041
5610.3	2.9679
5611.5	4.0559
5612.8	4.9424
5614.1	5.0335
5615.3	3.6792
5616.6	5.951
5617.8	8.1561
5619.1	5.0111
5620.3	6.9717
5621.6	5.4937
5622.8	5.951
5624.1	3.3564
5625.3	3.41
5626.6	5.3412
5627.8	3.8399
5629.1	5.7676
5630.3	5.3864
5631.6	6.4454
5632.8	1.6247
5634.1	4.2709
5635.3	4.1786
5636.5	3.5145
5637.8	3.6536
5639.0	4.5079
5640.3	3.7863
5641.5	5.4141
5642.8	3.6563
5644.0	1.3728
5645.3	8.8047
5646.5	6.8926
5647.8	4.5869
5649.0	5.2172
5650.3	2.679
5651.5	4.536
5652.8	5.121
5654.0	3.6499
5655.3	3.9319
5656.5	3.1314
5657.8	4.9801
5659.0	6.4005
5660.2	8.002
5661.5	5.2737
5662.7	4.5607
5664.0	5.8634
5665.2	6.1872
5666.5	5.1434
5667.7	5.2957
5669.0	4.2024
5670.2	6.1198
5671.4	8.2582
5672.7	4.5183
5673.9	6.374
5675.2	3.1928
5676.4	4.7506
5677.7	3.2577
5678.9	5.7268
5680.2	5.899
5681.4	4.7956
5682.6	7.3313
5683.9	6.9756
5685.1	1.4449
5686.4	4.2561
5687.6	7.8621
5688.9	6.2719
5691.6	5.5706
5693.4	6.7788
5695.1	1.9034
5696.9	9.1951
5698.6	2.4289
5700.4	5.3584
5702.1	10.515
5703.9	3.577
5705.6	4.6172
5707.4	6.3655
5709.1	4.5362
5710.9	7.0977
5712.7	7.5853
5714.4	3.3523
5716.2	4.8089
5717.9	6.3183
5719.7	5.2311
5721.4	6.0893
5723.2	3.4972
5724.9	4.9767
5726.7	5.3187
5728.4	2.2385
5730.2	6.5005
5731.9	6.0357
5733.7	5.5018
5735.4	5.4837
5737.2	4.0884
5738.9	6.7562
5740.7	5.9248
5742.5	5.9041
5744.2	6.6259
5746.0	2.4591
5747.7	6.6638
5749.5	10.038
5751.2	5.0848
5753.0	2.014
5754.7	3.9726
5756.5	4.4921
5758.2	7.0918
5760.0	6.6474
5761.7	6.7611
5763.5	5.5442
5765.2	4.8282
5767.0	0.25231
5768.8	5.0419
5770.5	1.2204
5772.3	3.962
5774.0	4.0227
5775.8	5.8589
5777.5	4.0168
5779.3	3.2092
5781.0	3.0766
5782.8	6.6905
5784.5	8.2662
5786.3	6.6326
5788.0	7.1323
5789.8	6.0233
5791.6	4.1086
5793.3	3.8952
5795.1	5.5701
5796.8	4.9178
5798.6	6.3765
5800.3	3.8124
5802.1	7.9906
5803.8	5.7091
5805.6	6.4932
5807.3	-0.46069
5809.1	4.5318
5810.8	3.2418
5812.6	3.115
5814.4	5.5552
5816.1	8.9783
5817.9	5.4906
5819.6	6.3352
5821.4	5.9277
5823.1	6.6831
5824.9	1.0806
5826.6	8.4188
5828.4	4.5757
5830.1	4.6531
5831.9	2.1882
5833.7	5.8926
5835.4	8.9128
5837.2	4.5132
5838.9	3.4501
5840.7	6.7175
5842.4	9.7933
5844.2	4.975
5845.9	3.9161
5847.7	6.7271
5849.4	5.4618
5851.2	2.7112
5852.9	3.5243
5854.7	5.3526
5856.5	6.6576
5858.2	2.6181
5860.0	6.8763
5861.7	5.8664
5863.5	7.2294
5865.2	5.476
5867.0	6.3288
5868.7	6.6497
5870.5	4.4292
5872.2	7.7256
5874.0	3.2971
5875.8	6.0625
5877.5	5.7525
5879.3	5.4379
5881.0	2.7511
5882.8	4.0131
5884.5	4.735
5886.3	4.2162
5888.0	4.7265
5889.8	6.3138
5891.5	5.8102
5893.3	3.245
5895.1	3.0004
5896.8	5.5401
5898.6	7.2658
5900.3	7.0225
5902.1	5.5292
5903.8	5.239
5905.6	4.0157
5907.3	3.6639
5909.1	5.6772
5910.8	7.4322
5912.6	2.2046
5914.4	6.1385
5916.1	4.991
5917.9	4.6441
5919.6	6.4053
5921.4	4.5428
5923.1	3.5715
5924.9	3.5748
5926.6	5.003
5928.4	5.8596
5930.1	4.7337
5931.9	3.2658
5933.6	6.0649
5935.4	2.9653
5937.2	3.9216
5938.9	4.3182
5940.7	4.1281
5942.4	2.9849
5944.2	3.2756
5945.9	3.7798
5947.7	3.289
5949.4	4.439
5951.2	3.939
5952.9	6.1985
5954.7	5.5508
5956.5	3.982
5958.2	3.6494
5960.0	4.8314
5961.7	4.9683
5963.5	4.7321
5965.2	2.4698
5967.0	6.1814
5968.7	4.9471
5970.5	2.0748
5972.2	4.9873
5974.0	5.0581
5975.8	4.4111
5977.5	3.4366
5979.3	6.2448
5981.0	3.6995
5982.8	4.7267
5984.5	2.3392
5986.3	3.8723
5988.0	3.0941
5989.8	3.6665
5991.5	3.6165
5993.3	3.9194
5995.1	3.6341
5996.8	4.6918
5998.6	3.8767
6000.3	3.2416
6002.1	3.2346
6003.8	3.9338
6005.6	4.2199
6007.3	4.9606
6009.1	5.1079
6010.8	3.22
6012.6	4.021
6014.4	4.9818
6016.1	4.2224
6017.9	3.7601
6019.6	4.9408
6021.4	5.5502
6023.1	3.1043
6024.9	4.0232
6026.6	3.5367
6028.4	5.2682
6030.1	5.5089
6031.9	3.2582
6033.6	3.967
6035.4	4.5009
6037.2	5.8188
6038.9	1.9532
6040.7	3.5004
6042.4	5.4682
6044.2	3.8088
6045.9	3.9705
6047.7	5.0764
6049.4	4.144
6051.2	3.583
6052.9	4.2107
6054.7	3.9055
6056.4	4.8288
6058.2	5.0748
6060.0	3.3607
6061.7	3.4593
6063.5	4.6818
6065.2	4.0119
6067.0	4.0628
6068.7	4.1689
6070.5	4.0953
6072.2	2.4389
6074.0	5.1449
6075.7	4.7292
6077.5	4.819
6079.2	5.236
6081.0	4.1451
6082.8	5.3441
6084.5	4.3308
6086.3	4.3309
6088.0	5.1421
6089.8	5.5761
6091.5	4.3687
6093.3	5.1896
6095.0	5.5621
6096.8	4.6566
6098.5	4.1186
6100.3	5.2352
6102.0	4.1656
6103.8	4.4966
6105.5	5.1312
6107.3	4.4154
6109.1	6.1311
6110.8	5.5976
6112.6	6.4336
6114.3	4.6025
6116.1	3.3631
6117.8	6.0937
6119.6	3.8637
6121.3	4.7205
6123.1	4.9045
6124.8	4.8824
6126.6	4.543
6128.3	4.7662
6130.1	5.3201
6131.8	5.1332
6133.6	5.2103
6135.4	5.6259
6137.1	5.8421
6138.9	5.2943
6140.6	4.5692
6142.4	5.5049
6144.1	4.1547
6145.9	5.8353
6147.6	3.5388
6149.4	4.6199
6151.1	5.1557
6152.9	4.7128
6154.6	4.7104
6156.4	4.4554
6158.1	4.7098
6159.9	3.3908
6161.6	3.5681
6163.4	4.8673
6165.1	4.2435
6166.9	5.5297
6168.7	5.4756
6170.4	5.1959
6172.2	5.1387
6173.9	5.8652
6175.7	4.9017
6177.4	5.1546
6179.2	3.4881
6180.9	5.6348
6182.7	4.4428
6184.4	3.5262
6186.2	4.1806
6187.9	4.5709
6189.7	4.4412
6191.4	5.0577
6193.2	4.0868
6194.9	4.8901
6196.7	3.7072
6198.4	4.1667
6200.2	4.7246
6201.9	5.4394
6203.7	3.7386
6205.4	3.7169
6207.2	4.2075
6208.9	4.3903
6210.7	4.1209
6212.5	4.364
6214.2	4.5094
6216.0	4.5015
6217.7	3.2969
6219.5	5.1781
6221.2	4.3139
6223.0	4.5439
6224.7	2.5378
6226.5	6.397
6228.2	4.7458
6230.0	4.3557
6231.7	4.3351
6233.5	3.5194
6235.2	4.91
6237.0	5.052
6238.7	3.7797
6240.5	5.5931
6242.2	4.4359
6244.0	5.594
6245.7	3.5663
6247.5	4.9183
6249.2	4.7704
6251.0	4.0571
6252.7	5.3576
6254.5	3.9937
6256.2	4.4926
6258.0	6.3108
6259.7	3.4054
6261.5	4.0397
6263.2	3.2903
6265.0	4.9666
6266.7	5.2755
6268.5	5.0925
6270.2	5.2154
6272.0	4.6252
6273.7	5.1878
6275.5	2.9558
6277.2	5.4337
6279.0	4.0458
6280.7	4.3045
6282.5	4.8362
6284.2	4.1782
6286.0	3.7428
6287.7	3.5651
6289.5	3.2861
6291.2	3.2548
6293.0	4.5929
6294.7	3.597
6296.5	6.8397
6298.2	5.2127
6300.0	5.8076
6301.7	4.5324
6303.5	4.7782
6305.2	3.1555
6307.0	3.0385
6308.7	4.575
6310.5	4.8367
6312.2	5.2876
6314.0	2.9748
6315.7	5.0651
6317.5	4.7387
6319.2	4.5302
6321.0	5.3343
6322.7	6.2738
6324.5	4.7426
6326.2	5.2489
6328.0	4.8774
6329.7	3.7263
6331.5	5.7832
6333.2	5.917
6335.0	2.8438
6336.7	4.2189
6338.5	5.2982
6340.2	5.3677
6342.0	4.4693
6343.7	4.3989
6345.5	5.0079
6347.2	4.0666
6348.9	5.1297
6350.7	4.9373
6352.4	4.7491
6354.2	5.6846
6355.9	4.2438
6357.7	4.8492
6359.4	5.008
6361.2	5.1126
6362.9	3.6718
6364.7	3.8491
6366.4	4.5711
6368.2	5.7536
6369.9	5.0757
6371.7	3.8431
6373.4	4.0068
6375.2	4.5239
6376.9	5.2411
6378.7	3.3379
6380.4	3.3508
6382.2	4.843
6383.9	3.9243
6385.6	5.3435
6387.4	3.9265
6389.1	3.6654
6390.9	4.2762
6392.6	4.8859
6394.4	4.9061
6396.1	4.9401
6397.9	3.6901
6399.6	5.0447
6401.4	4.928
6403.1	5.1284
6404.9	5.4331
6406.6	6.1549
6408.4	4.8215
6410.1	4.636
6411.8	5.0713
6413.6	4.7081
6415.3	5.0472
6417.1	5.1201
6418.8	3.9097
6420.6	5.0552
6422.3	3.8142
6424.1	4.0339
6425.8	4.6265
6427.6	4.1962
6429.3	5.1856
6431.1	5.9127
6432.8	5.1385
6434.5	3.8763
6436.3	5.3265
6438.0	6.0089
6439.8	4.7535
6441.5	4.1969
6443.3	5.4916
6445.0	4.6712
6446.8	4.8775
6448.5	6.4362
6450.2	3.9404
6452.0	5.6266
6453.7	4.5912
6455.5	4.2717
6457.2	5.1003
6459.0	3.8461
6460.7	5.1914
6462.5	5.9562
6464.2	4.4723
6465.9	4.9389
6467.7	4.4754
6469.4	5.1009
6471.2	4.8952
6472.9	4.9347
6474.7	3.7936
6476.4	4.5183
6478.2	5.8056
6479.9	5.4505
6481.6	4.0031
6483.4	4.4074
6485.1	5.1774
6486.9	5.6033
6488.6	4.2284
6490.4	4.2736
6492.1	3.4149
6493.8	3.6401
6495.6	4.5245
6497.3	3.8782
6499.1	5.1471
6500.8	6.3167
6502.6	5.3141
6504.3	5.0144
6506.0	6.4406
6507.8	5.6169
6509.5	5.5234
6511.3	3.982
6513.0	5.679
6514.8	5.0199
6516.5	5.6124
6518.2	5.0991
6520.0	6.5195
6521.7	3.7208
6523.5	4.3087
6525.2	4.2475
6527.0	4.1763
6528.7	3.7056
6530.4	5.0712
6532.2	3.9338
6533.9	4.5677
6535.7	5.2995
6537.4	5.3168
6539.1	3.9631
6540.9	4.345
6542.6	3.3652
6544.4	5.9344
6546.1	5.0608
6547.8	4.1409
6549.6	4.3163
6551.3	5.2685
6553.1	5.3968
6554.8	3.3148
6556.6	5.067
6558.3	5.2902
6560.0	4.5453
6561.8	6.272
6563.5	3.595
6565.3	4.1937
6567.0	3.4312
6568.7	4.8158
6570.5	3.7012
6572.2	4.8121
6574.0	4.4965
6575.7	4.3384
6577.4	3.4363
6579.2	3.2972
6580.9	4.8783
6582.6	4.1458
6584.4	4.4285
6586.1	4.4069
6587.9	4.5363
6589.6	3.2407
6591.3	3.5674
6593.1	3.7591
6594.8	3.8375
6596.6	4.1336
6598.3	4.4823
6600.0	4.2787
6601.8	5.5018
6603.5	3.822
6605.3	4.6209
6607.0	2.6634
6608.7	3.1225
6610.5	3.2745
6612.2	2.8756
6613.9	2.9091
6615.7	2.4243
6617.4	3.329
6619.2	3.5597
6620.9	3.093
6622.6	3.6201
6624.4	3.1185
6626.1	3.3436
6627.8	2.9013
6629.6	2.2992
6631.3	1.4931
6633.1	2.3134
6634.8	1.8122
6636.5	2.791
6638.3	4.2609
6640.0	2.8496
6641.7	4.5005
6643.5	3.2505
6645.2	3.9889
6646.9	4.4133
6648.7	2.9009
6650.4	3.6151
6652.2	2.0998
6653.9	3.7132
6655.6	3.3882
6657.4	2.1428
6659.1	2.9332
6660.8	3.2082
6662.6	4.1781
6664.3	2.633
6666.0	1.8685
6667.8	4.0623
6669.5	4.1993
6671.2	2.2723
6673.0	2.7425
6674.7	3.6995
6676.4	3.0047
6678.2	3.2125
6679.9	1.9111
6681.6	3.7488
6683.4	2.2037
6685.1	2.5813
6686.9	3.4675
6688.6	4.6661
6690.3	4.491
6692.1	4.0642
6693.8	4.8154
6695.5	4.2221
6697.3	2.2272
6699.0	4.0056
6700.7	4.2317
6702.5	4.3957
6704.2	5.0569
6705.9	5.4727
6707.7	4.6504
6709.4	4.1116
6711.1	4.2771
6712.9	6.3463
6714.6	4.8917
6716.3	5.2941
6718.0	5.2888
6719.8	5.4311
6721.5	5.3961
6723.2	5.7643
6725.0	5.411
6726.7	6.3858
6728.4	7.3452
6730.2	7.3379
6731.9	5.822
6733.6	6.1817
6735.4	6.7547
6737.1	6.1584
6738.8	7.9147
6740.6	6.5694
6742.3	6.1419
6744.0	6.8216
6745.8	6.7419
6747.5	7.089
6749.2	8.4796
6750.9	7.3676
6752.7	7.7645
6754.4	7.5705
6756.1	7.7444
6757.9	8.5006
6759.6	7.6509
6761.3	7.2787
6763.1	7.4471
6764.8	7.9108
6766.5	8.5552
6768.2	7.7442
6770.0	8.9998
6771.7	8.0654
6773.4	8.5704
6775.2	9.4838
6776.9	8.6668
6778.6	7.8252
6780.3	8.2
6782.1	7.8929
6783.8	8.8165
6785.5	8.2486
6787.3	8.757
6789.0	8.1075
6790.7	8.3015
6792.4	9.9387
6794.2	10.276
6795.9	9.0421
6797.6	9.256
6799.4	9.4992
6801.1	9.4605
6802.8	9.8001
6804.5	9.3603
6806.3	9.1109
6808.0	9.5377
6809.7	10.26
6811.4	8.5964
6813.2	8.7917
6814.9	10.482
6816.6	9.4814
6818.4	9.4473
6820.1	9.6998
6821.8	9.5848
6823.5	9.2408
6825.3	9.2975
6827.0	9.8155
6828.7	8.7567
6830.4	9.385
6832.2	9.4304
6833.9	7.9087
6835.6	8.2924
6837.3	8.8165
6839.1	9.2937
6840.8	8.8973
6842.5	8.2711
6844.2	8.3727
6846.0	9.2292
6847.7	7.6096
6849.4	8.245
6851.1	7.9492
6852.9	7.1181
6854.6	8.5135
6856.3	8.5023
6858.0	8.4982
6859.7	7.3565
6861.5	7.8172
6863.2	7.4147
6864.9	7.3273
6866.6	5.5075
6868.4	5.7983
6870.1	7.7242
6871.8	8.1941
6873.5	7.1376
6875.3	8.6193
6877.0	7.917
6878.7	7.1673
6880.4	8.7414
6882.1	7.0673
6883.9	7.337
6885.6	6.1933
6887.3	6.8654
6889.0	6.3745
6890.8	7.7572
6892.5	6.1203
6894.2	6.7419
6895.9	6.9207
6897.6	6.6647
6899.4	5.8373
6901.1	6.9168
6902.8	6.2508
6904.5	6.496
6906.2	7.661
6908.0	6.8531
6909.7	5.9536
6911.4	6.2904
6913.1	6.0461
6914.8	7.2939
6916.6	7.0768
6918.3	6.7956
6920.0	6.6361
6921.7	6.2949
6923.4	4.9671
6925.2	6.5388
6926.9	6.0311
6928.6	6.9307
6930.3	6.9607
6932.0	6.6842
6933.8	7.1312
6935.5	6.3051
6937.2	5.9336
6938.9	5.8297
6940.6	5.9653
6942.3	6.367
6944.1	5.7125
6945.8	5.6966
6947.5	5.6924
6949.2	6.3878
6950.9	5.6487
6952.6	6.0563
6954.4	6.2681
6956.1	6.2211
6957.8	6.5386
6959.5	5.4001
6961.2	6.5849
6962.9	5.0683
6964.7	5.0276
6966.4	5.656
6968.1	5.0358
6969.8	4.1262
6971.5	4.822
6973.2	5.7518
6975.0	5.3904
6976.7	5.9578
6978.4	5.253
6980.1	5.315
6981.8	5.3454
6983.5	4.8922
6985.2	4.4505
6987.0	5.1208
6988.7	3.7083
6990.4	5.6887
6992.1	5.8088
6993.8	6.0965
6995.5	4.9186
6997.2	4.9783
6999.0	5.052
7000.7	5.2873
7002.4	5.3435
7004.1	5.4505
7005.8	5.5009
7007.5	6.1063
7009.2	4.7295
7011.0	4.5632
7012.7	4.5612
7014.4	3.5812
7016.1	5.9684
7017.8	6.0278
7019.5	5.4086
7021.2	4.6702
7022.9	4.8279
7024.6	5.1105
7026.4	4.8994
7028.1	5.413
7029.8	5.5292
7031.5	4.5886
7033.2	6.1451
7034.9	4.2792
7036.6	4.2069
7038.3	6.1002
7040.0	4.8558
7041.8	5.6244
7043.5	5.2023
7045.2	3.7006
7046.9	4.6131
7048.6	3.2486
7050.3	4.5587
7052.0	4.742
7053.7	4.7655
7055.4	4.9436
7057.1	3.2898
7058.8	5.2314
7060.6	4.8781
7062.3	5.5736
7064.0	4.8803
7065.7	4.578
7067.4	4.5802
7069.1	4.2068
7070.8	3.8006
7072.5	3.9973
7074.2	4.224
7075.9	3.4052
7077.6	4.1678
7079.3	3.9792
7081.1	4.0471
7082.8	4.0219
7084.5	4.6009
7086.2	3.8531
7087.9	4.8035
7089.6	4.7383
7091.3	4.9441
7093.0	3.5143
7094.7	4.8751
7096.4	4.0613
7098.1	3.6089
7099.8	3.8867
7101.5	4.7245
7103.2	4.0882
7104.9	3.9754
7106.6	3.4306
7108.3	5.0191
7110.0	5.0926
7111.8	3.9993
7113.5	3.8294
7115.2	4.3277
7116.9	4.4575
7118.6	3.4016
7120.3	3.5413
7122.0	3.9373
7123.7	3.6773
7125.4	4.2827
7127.1	4.7956
7128.8	2.8867
7130.5	4.6239
7132.2	4.2754
7133.9	2.8064
7135.6	5.2952
7137.3	4.0648
7139.0	4.1553
7140.7	4.1779
7142.4	4.5528
7144.1	4.1311
7145.8	2.9952
7147.5	5.2188
7149.2	4.1049
7150.9	4.1632
7152.6	3.8692
7154.3	4.6315
7156.0	4.3411
7157.7	3.3259
7159.4	4.5663
7161.1	4.3711
7162.8	3.3644
7164.5	3.5098
7166.2	3.8337
7167.9	3.9891
7169.6	5.0995
7171.3	4.8341
7173.0	5.1816
7174.7	5.2135
7176.4	5.2569
7178.1	4.8885
7179.8	5.0481
7181.5	4.2809
7183.2	4.4757
7184.9	4.6671
7186.6	4.4488
7188.3	6.0004
7190.0	4.813
7191.7	3.6612
7193.4	6.157
7195.1	5.7311
7196.8	4.549
7198.5	5.9222
7200.2	4.7885
7201.9	4.0039
7203.6	3.9154
7205.3	4.1298
7207.0	4.7871
7208.7	3.7895
7210.3	4.3164
7212.0	4.496
7213.7	3.9755
7215.4	2.9353
7217.1	4.2426
7218.8	5.997
7220.5	5.156
7222.2	3.9615
7223.9	5.1116
7225.6	5.7137
7227.3	4.8378
7229.0	4.8836
7230.7	3.7456
7232.4	4.02
7234.1	5.0434
7235.8	5.4818
7237.5	5.2627
7239.1	2.7247
7240.8	3.7768
7242.5	3.5862
7244.2	4.4158
7245.9	4.9603
7247.6	3.9939
7249.3	5.3029
7251.0	4.1682
7252.7	3.9551
7254.4	6.3666
7256.1	4.8649
7257.8	3.8955
7259.4	4.2645
7261.1	3.7861
7262.8	3.7613
7264.5	4.6456
7266.2	5.0943
7267.9	4.2351
7269.6	4.6179
7271.3	5.0681
7273.0	4.563
7274.7	4.3468
7276.3	5.5767
7278.0	4.3104
7279.7	4.6654
7281.4	4.4755
7283.1	4.1216
7284.8	4.4441
7286.5	3.8142
7288.2	4.0073
7289.9	4.7784
7291.5	5.0561
7293.2	4.8796
7294.9	4.0428
7296.6	5.4215
7298.3	4.2678
7300.0	4.5223
7301.7	4.4774
7303.3	3.1606
7305.0	4.4848
7306.7	4.3024
7308.4	3.0071
7310.1	4.5377
7311.8	3.7481
7313.5	5.2907
7315.1	3.1566
7316.8	4.7006
7318.5	4.0148
7320.2	4.6089
7321.9	4.1449
7323.6	4.6758
7325.3	4.8016
7326.9	4.5523
7328.6	2.9179
7330.3	4.5522
7332.0	3.5603
7333.7	4.2939
7335.4	4.0622
7337.0	4.0158
7338.7	4.1058
7340.4	2.4919
7342.1	3.5857
7343.8	3.6966
7345.4	4.038
7347.1	3.3061
7348.8	3.958
7350.5	3.2204
7352.2	2.9377
7353.9	4.4552
7355.5	3.944
7357.2	4.1758
7358.9	3.4014
7360.6	2.9581
7362.3	3.8724
7363.9	3.0853
7365.6	3.7419
7367.3	3.6545
7369.0	2.7344
7370.7	2.754
7372.3	3.205
7374.0	3.6866
7375.7	4.0485
7377.4	3.506
7379.1	3.6547
7380.7	3.483
7382.4	3.0408
7384.1	3.7302
7385.8	4.1977
7387.4	4.2154
7389.1	3.7786
7390.8	3.1619
7392.5	3.4001
7394.2	3.0595
7395.8	3.0032
7397.5	3.6894
7399.2	3.5638
7400.9	2.447
7402.5	3.8976
7404.2	3.0657
7405.9	4.088
7407.6	3.2938
7409.2	4.0866
7410.9	4.1738
7412.6	3.6978
7414.3	3.2364
7415.9	3.6562
7417.6	4.7113
7419.3	3.881
7421.0	3.1096
7422.6	4.2587
7424.3	3.9375
7426.0	4.3375
7427.6	3.5421
7429.3	3.5431
7431.0	3.0027
7432.7	4.006
7434.3	4.1343
7436.0	3.6801
7437.7	3.8296
7439.4	3.9727
7441.0	4.9266
7442.7	4.5103
7444.4	3.7179
7446.0	4.8132
7447.7	3.5097
7449.4	3.7641
7451.1	3.6149
7452.7	4.6605
7454.4	4.8403
7456.1	4.0216
7457.7	3.0328
7459.4	3.4734
7461.1	3.9469
7462.7	4.2455
7464.4	2.95
7466.1	3.7184
7467.7	3.3322
7469.4	4.3204
7471.1	3.9245
7472.8	2.953
7474.4	4.3563
7476.1	4.7282
7477.8	3.0881
7479.4	2.9987
7481.1	4.0708
7482.8	4.3171
7484.4	2.9209
7486.1	3.626
7487.8	4.3134
7489.4	3.9128
7491.1	4.8223
7492.8	3.6571
7494.4	3.6938
7496.1	4.0883
7497.7	4.557
7499.4	3.5715
7501.1	3.4824
7502.7	3.4002
7504.4	3.4952
7506.1	3.2264
7507.7	4.3779
7509.4	4.0124
7511.1	3.9426
7512.7	4.2919
7514.4	4.6721
7516.1	3.9261
7517.7	3.5295
7519.4	4.3369
7521.0	3.9543
7522.7	3.8919
7524.4	3.102
7526.0	3.7373
7527.7	3.7229
7529.3	3.0564
7531.0	3.2148
7532.7	2.9933
7534.3	3.8078
7536.0	3.6121
7537.7	2.411
7539.3	4.5806
7541.0	3.8433
7542.6	3.9092
7544.3	3.0053
7545.9	4.1287
7547.6	3.5924
7549.3	3.8293
7550.9	2.7853
7552.6	3.4864
7554.2	4.3768
7555.9	4.106
7557.6	4.5159
7559.2	1.9735
7560.9	3.4123
7562.5	3.7413
7564.2	4.1234
7565.8	2.6147
7567.5	4.2314
7569.2	3.967
7570.8	4.2989
7572.5	3.4091
7574.1	3.0182
7575.8	4.5624
7577.4	3.6472
7579.1	2.9452
7580.7	4.2259
7582.4	3.6894
7584.1	3.5042
7585.7	2.9216
7587.4	2.9749
7589.0	3.9629
7590.7	3.342
7592.3	2.9527
7594.0	2.0481
7595.6	1.9363
7597.3	3.8377
7598.9	2.492
7600.6	1.3399
7602.2	2.8606
7603.9	2.6526
7605.5	5.879
7607.2	5.9781
7608.9	4.4817
7610.5	3.6692
7612.2	4.7527
7613.8	4.6695
7615.5	4.8045
7617.1	6.8394
7618.8	3.7445
7620.4	3.1193
7622.1	3.3891
7623.7	4.5641
7625.4	3.6201
7627.0	3.3601
7628.7	3.154
7630.3	2.6586
7631.9	3.4218
7633.6	6.0557
7635.2	2.9511
7636.9	3.1988
7638.5	2.9176
7640.2	3.6584
7641.8	5.3547
7643.5	3.3894
7645.1	2.7174
7646.8	5.3506
7648.4	3.4794
7650.1	4.1801
7651.7	4.0722
7653.4	2.0021
7655.0	3.482
7656.6	3.8347
7658.3	3.1264
7659.9	3.4585
7661.6	4.3926
7663.2	2.8452
7664.9	3.3608
7666.5	4.5287
7668.2	3.8576
7669.8	2.9975
7671.4	2.5982
7673.1	5.4022
7674.7	3.8875
7676.4	2.6026
7678.0	4.1449
7679.7	3.543
7681.3	3.3021
7682.9	3.7621
7684.6	4.5533
7686.2	4.1266
7687.9	3.0702
7689.5	4.6417
7691.1	3.5817
7692.8	3.2141
7694.4	4.177
7696.1	4.3258
7697.7	3.8258
7699.3	3.8652
7701.0	3.6158
7702.6	3.4365
7704.3	4.171
7705.9	2.9268
7707.5	3.5882
7709.2	2.5997
7710.8	2.1802
7712.5	4.4348
7714.1	2.8181
7715.7	2.1943
7717.4	3.6591
7719.0	3.0178
7720.6	3.3921
7722.3	3.1081
7723.9	3.4261
7725.6	2.5736
7727.2	3.7887
7728.8	3.1382
7730.5	3.386
7732.1	4.6333
7733.7	3.5231
7735.4	2.2724
7737.0	3.6511
7738.6	3.8754
7741.5	2.8274
7743.7	3.0733
7745.9	2.936
7748.0	2.7917
7750.2	5.4918
7752.4	3.7334
7754.5	2.2426
7756.7	3.2701
7758.8	3.6465
7761.0	3.6309
7763.2	2.1096
7765.3	4.7409
7767.5	3.4631
7769.7	3.5077
7771.8	2.2763
7774.0	3.7325
7776.2	3.6132
7778.3	2.6592
7780.5	4.8234
7782.7	2.7554
7784.8	3.2233
7787.0	3.3332
7789.1	2.0625
7791.3	4.5444
7793.5	6.3244
7795.6	2.8114
7797.8	4.5008
7800.0	4.0154
7802.1	3.3883
7804.3	3.8634
7806.5	3.308
7808.6	3.4061
7810.8	3.1534
7813.0	3.2247
7815.1	2.8635
7817.3	3.239
7819.5	4.9971
7821.6	2.2355
7823.8	3.4602
7825.9	3.9563
7828.1	3.6961
7830.3	3.6594
7832.4	3.8619
7834.6	4.5604
7836.8	2.7264
7838.9	2.9622
7841.1	3.2541
7843.3	4.2261
7845.4	3.8166
7847.6	3.395
7849.8	3.6527
7851.9	3.6173
7854.1	3.6809
7856.3	3.7604
7858.4	3.3425
7860.6	2.9429
7862.8	2.9687
7864.9	3.3058
7867.1	2.4583
7869.3	2.5837
7871.4	3.4708
7873.6	3.5848
7875.8	3.2534
7877.9	2.9346
7880.1	3.5484
7882.3	2.3502
7884.4	2.5867
7886.6	2.7558
7888.8	3.7808
7890.9	3.7423
7893.1	2.3548
7895.3	3.2639
7897.4	3.5401
7899.6	4.7814
7901.8	3.661
7903.9	3.6664
7906.1	3.2122
7908.2	3.5815
7910.4	3.1177
7912.6	1.6041
7914.7	3.1948
7916.9	3.1954
7919.1	3.4043
7921.2	2.302
7923.4	2.9532
7925.6	3.9482
7927.7	3.1557
7929.9	3.6363
7932.1	2.8467
7934.2	3.5766
7936.4	2.1021
7938.6	3.0752
7940.7	2.5284
7942.9	3.0081
7945.1	2.5247
7947.2	2.2253
7949.4	2.659
7951.6	3.1129
7953.7	2.8192
7955.9	2.7987
7958.1	3.8039
7960.2	2.7104
7962.4	4.7921
7964.6	2.5433
7966.7	3.9532
7968.9	2.892
7971.1	3.9923
7973.2	2.744
7975.4	3.9903
7977.6	4.194
7979.7	2.9612
7981.9	2.74
7984.1	3.509
7986.2	3.3201
7988.4	3.0283
7990.6	3.6491
7992.8	3.392
7994.9	4.2701
7997.1	3.6126
7999.3	3.5491
8001.4	3.64
8003.6	4.0911
8005.8	3.121
8007.9	4.1938
8010.1	3.4932
8012.3	4.1529
8014.4	3.1825
8016.6	3.4283
8018.8	3.6915
8020.9	3.4977
8023.1	3.6395
8025.3	3.8137
8027.4	3.9888
8029.6	3.5795
8031.8	4.2248
8033.9	4.0549
8036.1	4.3632
8038.3	4.8345
8040.4	3.3637
8042.6	3.0586
8044.8	3.4107
8046.9	3.3932
8049.1	3.2982
8051.3	4.0879
8053.4	3.7116
8055.6	4.0112
8057.8	4.4567
8059.9	4.1099
8062.1	3.8744
8064.3	3.3984
8066.4	3.7006
8068.6	3.8433
8070.8	4.2452
8072.9	3.0831
8075.1	3.6952
8077.3	3.2556
8079.4	4.9185
8081.6	3.7631
8083.8	3.3513
8085.9	3.7664
8088.1	3.9887
8090.3	3.8411
8092.4	4.2795
8094.6	4.4318
8096.8	4.8067
8098.9	3.2061
8101.1	3.9688
8103.3	3.4249
8105.4	3.7218
8107.6	3.7457
8109.8	4.3704
8111.9	4.5184
8114.1	3.9471
8116.3	2.6471
8118.4	3.4647
8120.6	4.5025
8122.8	3.1213
8124.9	3.514
8127.1	5.1699
8129.3	4.1974
8131.4	4.13
8133.6	4.4299
8135.8	3.2829
8137.9	3.9804
8140.1	3.9019
8142.3	3.2858
8144.4	4.9362
8146.6	4.2356
8148.8	4.399
8150.9	3.0401
8153.1	4.1408
8155.3	3.9234
8157.4	3.9752
8159.6	5.3881
8161.8	3.449
8163.9	3.2619
8166.1	3.5909
8168.3	3.7523
8170.4	3.8489
8172.6	4.8868
8174.8	4.4976
8176.9	4.0731
8179.1	3.6242
8181.3	3.5229
8183.4	3.1951
8185.6	4.1149
8187.8	3.6235
8189.9	3.3262
8192.1	3.2907
8194.3	3.6727
8196.4	4.2448
8198.6	3.6845
8200.8	2.7951
8202.9	3.5994
8205.1	3.1508
8207.3	3.8184
8209.4	2.7821
8211.6	3.2451
8213.8	3.6804
8215.9	4.3622
8218.1	3.716
8220.3	4.8012
8222.4	3.3624
8224.6	4.4057
8226.8	4.2817
8228.9	3.2138
8231.1	2.9575
8233.3	3.2689
8235.4	3.4119
8237.6	3.7869
8239.8	3.813
8241.9	3.4094
8244.1	3.6411
8246.3	4.0265
8248.4	3.8479
8250.6	3.1018
8252.8	3.6836
8254.9	3.5698
8257.1	2.8236
8259.3	3.732
8261.4	3.1075
8263.6	3.7142
8265.8	3.4518
8267.9	3.3426
8270.1	3.8857
8272.2	3.9388
8274.4	3.5151
8276.6	3.3286
8278.7	4.4478
8280.9	3.6071
8283.1	3.1061
8285.2	3.7227
8287.4	3.7876
8289.6	3.1093
8291.7	2.914
8293.9	3.132
8296.1	3.8697
8298.2	3.3493
8300.4	3.6766
8302.6	3.0065
8304.7	3.0526
8306.9	3.487
8309.1	3.037
8311.2	5.1561
8313.4	3.8509
8315.6	3.1048
8317.7	3.957
8319.9	3.6281
8322.0	3.0423
8324.2	3.8699
8326.4	3.3457
8328.5	3.7312
8330.7	3.9874
8332.9	3.45
8335.0	3.2003
8337.2	3.2962
8339.4	2.2977
8341.5	3.1823
8343.7	4.7054
8345.9	4.823
8348.0	2.7373
8350.2	3.0113
8352.3	3.4876
8354.5	2.8449
8356.7	2.7746
8358.8	3.1209
8361.0	3.4525
8363.2	3.659
8365.3	4.713
8367.5	3.7158
8369.7	3.4812
8371.8	2.5388
8374.0	3.5746
8376.1	3.5434
8378.3	2.7089
8380.5	3.7837
8382.6	3.7524
8384.8	3.7702
8387.0	3.171
8389.1	3.1816
8391.3	4.0744
8393.5	3.3585
8395.6	3.1504
8397.8	3.058
8399.9	3.0281
8402.1	3.4131
8404.3	3.4527
8406.4	2.7602
8408.6	3.1491
8410.8	2.6289
8412.9	3.9966
8415.1	3.4408
8417.2	3.4697
8419.4	3.0666
8421.6	3.4779
8423.7	3.4707
8425.9	2.5787
8428.1	2.4512
8430.2	3.7066
8432.4	3.3192
8434.5	3.6054
8436.7	2.8566
8438.9	3.3243
8441.0	3.3698
8443.2	3.5007
8445.4	2.9435
8447.5	3.4187
8449.7	3.1543
8451.8	3.0836
8454.0	3.6719
8456.2	3.4026
8458.3	3.34
8460.5	3.3734
8462.6	3.5039
8464.8	3.7666
8467.0	2.8088
8469.1	3.1947
8471.3	3.6697
8473.4	3.4966
8475.6	2.9635
8477.8	2.952
8479.9	3.2195
8482.1	4.157
8484.3	3.3202
8486.4	3.8945
8488.6	3.1104
8490.7	2.8951
8492.9	2.9057
8495.1	2.9501
8497.2	2.916
8499.4	3.4402
8501.5	3.376
8503.7	3.2763
8505.9	3.5919
8508.0	3.4572
8510.2	3.2264
8512.3	3.5731
8514.5	3.1581
8516.7	3.396
8518.8	3.7851
8521.0	2.9616
8523.1	3.3394
8525.3	3.7835
8527.5	3.2078
8529.6	3.941
8531.8	3.6711
8533.9	3.2096
8536.1	3.1718
8538.2	3.4443
8540.4	2.6438
8542.6	2.0711
8544.7	3.2285
8546.9	3.2717
8549.0	2.9118
8551.2	3.453
8553.4	3.2249
8555.5	2.959
8557.7	3.1629
8559.8	3.1608
8562.0	3.3911
8564.1	2.6962
8566.3	3.4024
8568.5	2.7409
8570.6	3.3058
8572.8	2.9191
8574.9	3.3057
8577.1	2.5859
8579.2	3.0173
8581.4	2.9958
8583.6	2.8829
8585.7	2.5
8587.9	3.0443
8590.0	2.7432
8592.2	3.0065
8594.3	2.7242
8596.5	2.4901
8598.7	2.7132
8600.8	2.7734
8603.0	2.6105
8605.1	2.6643
8607.3	2.913
8609.4	2.5016
8611.6	2.528
8613.8	2.1577
8615.9	2.7894
8618.1	2.3492
8620.2	2.7669
8622.4	2.5145
8624.5	1.98
8626.7	2.9006
8628.8	2.3916
8631.0	2.2085
8633.2	2.3395
8635.3	1.7419
8637.5	2.2772
8639.6	2.7923
8641.8	2.1071
8643.9	1.9138
8646.1	1.2342
8648.2	1.4126
8650.4	2.1129
8652.6	1.9907
8654.7	1.7888
8656.9	1.2965
8659.0	2.452
8661.2	1.8769
8663.3	1.5554
8665.5	1.8609
8667.6	2.1807
8669.8	1.3645
8671.9	1.4003
8674.1	2.301
8676.2	1.0321
8678.4	2.3031
8680.6	2.3595
8682.7	2.1351
8684.9	1.9153
8687.0	1.855
8689.2	1.4185
8691.3	2.3005
8693.5	2.034
8695.6	2.186
8697.8	2.1702
8699.9	2.3303
8702.1	1.7006
8704.2	1.7407
8706.4	1.723
8708.5	2.2706
8710.7	1.7618
8712.8	2.5353
8715.0	2.0765
8717.1	2.2326
8719.3	1.9231
8721.4	2.0812
8723.6	1.9045
8725.8	2.2506
8727.9	2.0032
8730.1	2.3119
8732.2	2.0803
8734.4	3.0453
8736.5	2.0812
8738.7	2.5926
8740.8	2.4934
8743.0	2.0744
8745.1	2.7401
8747.3	2.2679
8749.4	2.8653
8751.6	2.5178
8753.7	2.5187
8755.9	2.6171
8758.0	1.3668
8760.2	3.0837
8762.3	1.0871
8764.5	1.685
8766.6	2.5487
8768.8	2.0177
8770.9	1.798
8773.1	1.7956
8775.2	3.0589
8777.3	1.4791
8779.5	2.48
8781.6	2.2853
8783.8	2.3266
8785.9	1.8194
8788.1	2.7397
8790.2	3.0766
8792.4	2.1435
8794.5	2.1563
8796.7	2.85
8798.8	2.491
8801.0	1.9684
8803.1	2.1172
8805.3	2.2575
8807.4	2.4174
8809.6	2.547
8811.7	2.1902
8813.9	2.8473
8816.0	2.7503
8818.2	2.5986
8820.3	2.7996
8822.4	3.2147
8824.6	2.7724
8826.7	3.8199
8828.9	2.1462
8831.0	3.1449
8833.2	2.4491
8835.3	2.738
8837.5	2.0854
8839.6	2.9502
8841.8	2.4558
8843.9	2.1925
8846.0	2.1458
8848.2	3.2313
8850.3	1.9411
8852.5	3.1728
8854.6	2.8613
8856.8	3.0295
8858.9	2.4396
8861.1	2.6776
8863.2	2.4698
8865.3	3.8354
8867.5	3.5926
8869.6	2.7629
8871.8	3.4209
8873.9	3.4998
8876.1	3.3677
8878.2	3.6337
8880.4	3.1731
8882.5	1.448
8884.6	3.3573
8886.8	4.0185
8888.9	2.979
8891.1	3.4614
8893.2	3.3669
8895.3	3.7725
8897.5	3.3377
8899.6	2.877
8901.8	3.3804
8903.9	2.9295
8906.1	2.1274
8908.2	2.5837
8910.3	1.7585
8912.5	2.7587
8914.6	2.8949
8916.8	4.2952
8918.9	4.7363
8921.0	2.1711
8923.2	3.9755
8925.3	3.8384
8927.5	3.1958
8929.6	3.2511
8931.7	3.9523
8933.9	3.2192
8936.0	3.8873
8938.2	4.2052
8940.3	3.5135
8942.4	4.3751
8944.6	3.7163
8946.7	3.4442
8948.9	4.1208
8951.0	4.2799
8953.1	3.0854
8955.3	4.6911
8957.4	3.5588
8959.6	5.3011
8961.7	4.7047
8963.8	3.6447
8966.0	3.5725
8968.1	4.7213
8970.2	3.7126
8972.4	3.9072
8974.5	3.9727
8976.7	4.7319
8978.8	3.8763
8980.9	3.5901
8983.1	4.6019
8985.2	5.8263
8987.3	5.3102
8989.5	4.0279
8991.6	3.41
8993.7	3.3277
8995.9	4.2579
8998.0	5.3062
9000.1	3.7815
9002.3	4.4972
9004.4	4.1643
9006.6	4.1968
9008.7	3.8796
9010.8	3.7297
9013.0	3.8477
9015.1	4.1168
9017.2	3.0916
9019.4	4.141
9021.5	4.5436
9023.6	3.7538
9025.8	3.0428
9027.9	4.3404
9030.0	3.762
9032.2	3.0843
9034.3	3.2314
9036.4	4.1184
9038.6	3.9344
9040.7	3.6018
9042.8	3.4593
9045.0	3.7193
9047.1	3.8277
9049.2	3.7804
9051.4	3.0092
9053.5	3.3869
9055.6	3.8798
9057.7	3.828
9059.9	4.2952
9062.0	3.7039
9064.1	3.8593
9066.3	4.0974
9068.4	3.5012
9070.5	3.9361
9072.7	3.2346
9074.8	4.156
9076.9	5.4293
9079.1	3.5313
9081.2	2.7252
9083.3	4.2419
9085.4	3.9273
9087.6	3.3748
9089.7	3.8105
9091.8	3.4872
9094.0	3.3602
9096.1	3.8114
9098.2	3.0622
9100.3	3.3291
9102.5	4.5296
9104.6	4.1074
9106.7	3.4215
9108.9	3.0056
9111.0	2.8447
9113.1	3.1447
9115.2	4.3601
9117.4	2.3651
9119.5	2.4096
9121.6	3.3652
9123.7	2.8458
9125.9	4.2192
9128.0	3.1714
9130.1	3.4393
9132.2	4.1408
9134.4	3.1764
9136.5	2.3499
9138.6	3.0347
9140.8	2.9625
9142.9	3.0666
9145.0	3.3885
9147.1	3.2684
9149.2	4.1962
9151.4	3.9994
9153.5	3.0881
9155.6	2.735
9157.7	3.2804
9159.9	3.4414
9162.0	2.7837
9164.1	3.8017
9166.2	3.6004
9168.4	3.2659
9170.5	4.6989
9172.6	3.6062
9174.7	2.7392
9176.9	2.8052
9179.0	3.0788
9181.1	3.451
9183.2	2.9775
9185.3	2.7774
9187.5	3.5945
9189.6	3.041
9191.7	3.1161
9193.8	3.2013
9195.9	2.4024
9198.1	3.0451
9200.2	2.6234
9202.3	2.9766
9204.4	3.38
9206.5	3.0165
9208.7	2.8011
9210.8	3.5365
9212.9	3.1827
9215.0	2.9394
9217.1	2.955
9219.3	3.4429
9221.4	3.3681
9223.5	2.975
9225.6	2.7178
9227.7	3.1328
9229.9	3.1762
9232.0	2.8538
9234.1	3.4374
9236.2	3.5567
9238.3	3.2532
9240.4	3.5976
9242.6	3.3041
9244.7	2.8413
9246.8	3.0542
9248.9	2.7623
9251.0	3.2047
9253.1	3.4573
9255.3	3.6534
9257.4	2.7769
9259.5	2.9954
9261.6	2.8143
9263.7	3.0031
9265.8	2.9916
9267.9	3.5168
9270.1	3.9807
9272.2	3.2394
9274.3	3.7612
9276.4	4.1225
9278.5	3.3435
9280.6	3.5637
9282.7	3.9054
9284.9	3.5139
9287.0	3.5301
9289.1	3.0011
9291.2	4.2127
9293.3	5.2723
9295.4	3.475
9297.5	4.2764
9299.6	3.3616
9301.8	2.8951
9303.9	4.2525
9306.0	7.4365
9308.1	1.6754
9310.2	5.1029
9312.3	12.304
9314.4	6.9645
9316.5	2.7028
9318.6	1.6151
9320.7	2.1099
9322.9	6.9181
9325.0	3.8381
9327.1	2.9675
9329.2	6.9017
9331.3	6.5024
9333.4	7.1632
9335.5	5.1566
9337.6	5.6806
9339.7	9.8293
9341.8	10.076
9343.9	2.6556
9346.0	3.0714
9348.2	3.6758
9350.3	8.7128
9352.4	8.8816
9354.5	5.9297
9356.6	4.0264
9358.7	2.5646
9360.8	4.213
9362.9	5.8711
9365.0	7.9103
9367.1	8.403
9369.2	5.1186
9371.3	-2.0425
9373.4	10.163
9375.5	14.362
9377.6	-0.69166
9379.7	6.4843
9381.8	4.0294
9383.9	4.3483
9386.1	3.0966
9388.2	2.706
9390.3	3.2098
9392.4	3.4008
9394.5	4.1385
9396.6	4.5771
9398.7	4.9861
9400.8	3.2619
9402.9	3.4524
9405.0	3.2518
9407.1	5.3488
9409.2	4.5329
9411.3	3.0819
9413.4	4.9109
9415.5	3.1116
9417.6	4.4927
9419.7	3.179
9421.8	3.4745
9423.9	11.038
9426.0	6.1204
9428.1	2.2663
9430.2	1.9765
9432.3	2.5811
9434.4	3.4943
9436.5	9.3982
9438.6	17.077
9440.7	-1.0387
9442.8	0.631
9444.9	2.9458
9447.0	2.9816
9449.1	4.0379
9451.2	6.4158
9453.3	5.3516
9455.4	4.541
9457.5	4.114
9459.5	2.6132
9461.6	2.3653
9463.7	3.9372
9465.8	3.955
9467.9	2.2604
9470.0	2.08
9472.1	3.016
9474.2	1.279
9476.3	8.261
9478.4	4.884
9480.5	2.9436
9482.6	2.3513
9484.7	2.2078
9486.8	2.7503
9488.9	3.9052
9491.0	4.5766
9493.1	5.8546
9495.2	6.076
9497.2	4.5243
9499.3	3.3651
9501.4	2.1933
9503.5	2.0833
9505.6	2.1008
9507.7	3.1663
9509.8	3.4041
9511.9	3.8541
9514.0	4.3916
9516.1	2.8172
9518.2	5.9018
9520.2	2.4157
9522.3	4.1413
9524.4	3.8453
9526.5	3.887
9528.6	1.7964
9530.7	3.5859
9532.8	3.6114
9534.9	3.412
9537.0	2.34
9539.0	4.0236
9541.1	4.6019
9543.2	3.8433
9545.3	3.0921
9547.4	3.0661
9549.5	3.0195
9551.6	4.7116
9553.7	5.2281
9555.7	1.7641
9557.8	3.2509
9559.9	5.1858
9562.0	4.8666
9564.1	2.5257
9566.2	3.9334
9568.2	4.4045
9570.3	2.0532
9572.4	3.1135
9574.5	3.2801
9576.6	5.5228
9578.7	3.5846
9580.7	2.3091
9582.8	3.1578
9584.9	5.4873
9587.0	5.9612
9589.1	4.2844
9591.2	3.193
9593.2	3.1123
9595.3	3.1414
9597.4	3.0015
9599.5	2.7634
9601.6	3.6766
9603.6	2.7527
9605.7	4.5123
9607.8	2.1691
9609.9	3.3686
9612.0	3.0516
9614.0	2.992
9616.1	3.5568
9618.2	4.5078
9620.3	4.1367
9622.4	2.5839
9624.4	2.5068
9626.5	2.7754
9628.6	2.3622
9630.7	2.8782
9632.8	5.171
9634.8	3.0522
9636.9	3.2321
9639.0	2.8217
9641.1	3.0239
9643.1	3.6189
9645.2	3.073
9647.3	3.1173
9649.4	2.3018
9651.4	3.365
9653.5	2.7865
9655.6	1.9759
9657.7	3.9819
9659.7	3.9681
9661.8	2.9701
9663.9	2.8654
9666.0	3.997
9668.0	3.6315
9670.1	1.9188
9672.2	2.4761
9674.2	2.466
9676.3	3.611
9678.4	4.1519
9680.5	2.5785
9682.5	2.4894
9684.6	2.4525
9686.7	2.0246
9688.7	3.5639
9690.8	3.1651
9692.9	3.0437
9695.0	2.8904
9697.0	2.0275
9699.1	3.463
9701.2	2.1796
9703.2	2.8824
9705.3	2.7336
9707.4	2.8716
9709.4	2.4864
9711.5	2.2532
9713.6	2.3127
9715.6	2.1637
9717.7	3.7995
9719.8	4.2928
9721.8	2.234
9723.9	2.7552
9726.0	3.0236
9728.0	2.529
9730.1	3.1064
9732.2	3.3142
9734.2	3.5528
9736.3	3.3924
9738.4	3.3433
9740.4	3.372
9742.5	3.6017
9744.5	2.9965
9746.6	2.6666
9748.7	2.4952
9750.7	3.5002
9752.8	3.716
9754.9	2.7325
9756.9	2.6119
9759.0	2.732
9761.0	2.1589
9763.1	2.3779
9765.2	2.5262
9767.2	2.6134
9769.3	2.8864
9771.3	2.3703
9773.4	2.7669
9775.5	2.6638
9777.5	2.7511
9779.6	2.7826
9781.6	2.5533
9783.7	2.2216
9785.8	1.8299
9787.8	2.4341
9789.9	3.3666
9791.9	2.5333
9794.0	2.4268
9796.0	1.6493
9798.1	2.4941
9800.2	2.5294
9802.2	2.6425
9804.3	2.3345
9806.3	1.9381
9808.4	3.9534
9810.4	2.1157
9812.5	2.8793
9814.5	2.8682
9816.6	2.6971
9818.7	2.1302
9820.7	2.9371
9822.8	2.9817
9824.8	3.0703
9826.9	2.9729
9828.9	2.418
9831.0	1.863
9833.0	1.8282
9835.1	2.5679
9837.1	2.8577
9839.2	2.8069
9841.2	2.4836
9843.3	2.4685
9845.3	2.2858
9847.4	1.9586
9849.4	3.1668
9851.5	2.8706
9853.5	1.9297
9855.6	2.2044
9857.6	2.2164
9859.7	2.3843
9861.7	2.8038
9863.8	3.1975
9865.8	3.0181
9867.9	2.3807
9869.9	2.8872
9872.0	2.3486
9874.0	2.5579
9876.1	2.9348
9878.1	3.023
9880.1	3.1217
9882.2	1.9454
9884.2	2.0367
9886.3	1.8413
9888.3	3.0665
9890.4	0.54436
9892.4	2.9263
9894.5	2.1468
9896.5	2.9039
9898.5	2.292
9900.6	2.1333
9902.6	2.1663
9904.7	2.372
9906.7	2.2602
9908.7	2.6669
9910.8	2.2229
9912.8	2.9319
9914.9	1.7887
9916.9	2.1397
9919.0	2.9969
9921.0	1.7963
9923.0	2.9327
9925.1	2.1666
9927.1	1.897
9929.1	2.2646
9931.2	2.4393
9933.2	2.4709
9935.3	2.645
9937.3	2.507
9939.3	2.5204
9941.4	2.0168
9943.4	2.1074
9945.4	4.3896
9947.5	2.569
9949.5	4.1506
9951.6	1.0317
9953.6	1.9288
9955.6	3.4632
9957.7	-1.1797
9959.7	1.572
9961.7	2.1349
9963.8	1.4172
9965.8	3.0379
9967.8	2.0289
9969.9	2.3139
9971.9	2.6925
9973.9	1.9443
9976.0	1.9044
9978.0	1.9401
9980.0	2.8979
9982.0	2.5356
9984.1	2.3316
9986.1	2.1629
9988.1	2.0044
9990.2	2.7464
9992.2	2.1127
9994.2	2.0722
9996.3	1.4983
9998.3	1.0146
10000.0	1.9106
10002.0	1.8731
10004.0	2.272
10006.0	2.6903
10008.0	2.2882
10010.0	-0.20686
10012.0	0.35167
10015.0	1.3892
10017.0	3.0327
10019.0	2.0136
10021.0	1.2516
10023.0	3.5316
10025.0	3.2851
10027.0	1.9617
10029.0	3.7482
10031.0	1.3631
10033.0	3.2474
10035.0	3.0298
10037.0	2.3885
10039.0	2.7821
10041.0	2.5097
10043.0	2.3644
10045.0	1.1734
10047.0	2.2056
10049.0	3.6084
10051.0	1.881
10053.0	2.2334
10055.0	1.335
10057.0	1.9332
10059.0	0.84637
10061.0	2.9696
10063.0	2.1926
10065.0	2.5438
10067.0	1.6791
10069.0	2.7652
10071.0	2.7921
10073.0	3.1704
10075.0	2.2796
10077.0	0.72245
10079.0	1.2932
10081.0	1.5785
10083.0	3.458
10085.0	1.5592
10087.0	3.2914
10089.0	1.9991
10091.0	2.2392
10093.0	2.4185
10095.0	1.0107
10097.0	2.0244
10099.0	0.12319
10101.0	0.81608
10103.0	3.1042
10105.0	2.3875
10107.0	2.4615
10109.0	2.5054
10111.0	2.7568
10113.0	2.0287
10115.0	3.8925
10117.0	2.7113
10119.0	-1.4666
10121.0	0.71001
10123.0	3.8225
10125.0	-1.0494
10127.0	3.3161
10129.0	2.3029
10131.0	2.0694
10133.0	0.050088
10135.0	2.1149
10138.0	1.0014
10140.0	2.5198
10142.0	1.4502
10144.0	1.8533
10146.0	2.4222
10148.0	2.1146
10150.0	1.1018
10152.0	2.0612
10154.0	3.4196
10156.0	1.0475
10158.0	2.4108
10160.0	2.0423
10162.0	0.71834
10164.0	2.5078
10166.0	1.3154
10168.0	-1.4532
10170.0	3.0989
10172.0	0.92412
10174.0	0.58553
10176.0	2.9752
10178.0	2.9799
10180.0	2.3159
10182.0	2.0407
10184.0	0.94056
10186.0	0.68565
10188.0	2.4585
10190.0	2.0748
10192.0	0.70653
10194.0	2.7428
10196.0	0.17871
10198.0	3.043
10200.0	-0.14432
10202.0	-0.16608
10204.0	0.97277
10206.0	-1.039
10208.0	0.11208
10210.0	-0.036069
10212.0	2.9107
10214.0	-0.48324
10216.0	4.6609
10218.0	1.3085
10219.0	0.35562
10221.0	3.7196
10223.0	0.11901
10225.0	4.174
10227.0	1.1902
10229.0	-1.5292
10231.0	2.9514
10233.0	3.7628
10235.0	2.5909
10237.0	1.8745
10239.0	1.7782
10241.0	3.3445
10243.0	2.0808
10245.0	3.9537
10247.0	0.43052
10249.0	1.7556
10251.0	1.6917
10253.0	0.43952
10255.0	5.2954
10257.0	2.7049
10259.0	1.2389
10261.0	0.0072367
10263.0	1.724
10265.0	3.1871
10267.0	2.2416
10269.0	4.8457
10271.0	3.0139
10273.0	3.083
10275.0	2.4362
10277.0	0.09177
10279.0	1.6213
10281.0	-3.3949
10283.0	-1.558
10285.0	0.6315
10287.0	-2.4002
10289.0	1.3156
10291.0	-3.9476
10293.0	4.5446
10295.0	0.19742
10297.0	2.5048
10299.0	4.0694
10301.0	3.1172
10303.0	1.0633
10305.0	3.6987
10307.0	0.78252
10309.0	2.7767
10311.0	4.0232
10313.0	1.1252
10315.0	0.27576
10317.0	5.1907
10319.0	0.17727
10321.0	0.20567
10323.0	4.6359
10325.0	6.4329
10327.0	2.7676
10329.0	3.1477
10331.0	1.187
10333.0	4.6642
10335.0	-1.2003
10336.0	3.6985
10338.0	5.8245
10340.0	3.0896
10342.0	2.2079
10344.0	7.8646
10346.0	10.173
10348.0	-0.63369
10350.0	7.7252
10352.0	-0.56833
10354.0	2.3653
10356.0	2.5387
10358.0	5.7093
10360.0	3.8267
10362.0	2.5437
10364.0	1.3691
10366.0	0.080064
10368.0	-8.4162
10370.0	1.1247
10372.0	11.238
10374.0	2.3396
10376.0	2.4756
10378.0	6.197
10380.0	3.8731
10382.0	3.1498
10384.0	12.717
10386.0	0.74554
10388.0	4.7503
10390.0	4.5093
10392.0	-0.69754
10394.0	-7.2751
10395.0	2.288
10397.0	6.5082
