4056.800 2.94238e-15
4066.000 2.99419e-15
4075.200 3.07929e-15
4084.400 2.34760e-15
4093.600 3.01277e-15
4102.800 2.63743e-15
4112.000 3.33088e-15
4121.200 3.29465e-15
4130.400 3.09786e-15
4139.600 2.94069e-15
4148.800 3.49419e-15
4158.000 3.32548e-15
4167.200 3.38173e-15
4176.400 3.34583e-15
4185.600 3.29478e-15
4194.800 3.24994e-15
4204.000 3.04335e-15
4213.200 2.87672e-15
4222.400 2.95370e-15
4231.600 2.70901e-15
4240.800 2.61157e-15
4250.000 2.54271e-15
4259.200 2.28944e-15
4268.400 2.35421e-15
4277.600 2.57039e-15
4286.800 2.47966e-15
4296.000 2.51513e-15
4305.200 2.34259e-15
4314.400 2.25695e-15
4323.600 1.98999e-15
4332.800 2.00491e-15
4342.000 2.20885e-15
4351.200 1.81339e-15
4360.400 1.68532e-15
4369.600 1.48275e-15
4378.800 1.41519e-15
4388.000 1.41650e-15
4397.200 1.24033e-15
4406.400 1.33799e-15
4415.600 1.35676e-15
4424.800 1.63547e-15
4434.000 1.09044e-15
4443.200 1.45296e-15
4452.400 1.61655e-15
4461.600 1.63540e-15
4470.800 1.52514e-15
4480.000 1.46141e-15
4489.200 1.59067e-15
4498.400 1.75859e-15
4507.600 1.92060e-15
4516.800 2.06104e-15
4526.000 1.80144e-15
4535.200 1.71837e-15
4544.400 1.97593e-15
4553.600 1.77375e-15
4562.800 1.57448e-15
4572.000 1.87203e-15
4581.200 1.96724e-15
4590.400 1.98738e-15
4599.600 2.29124e-15
4608.800 2.14849e-15
4618.000 2.14083e-15
4627.200 2.26410e-15
4636.400 2.10043e-15
4645.600 2.21473e-15
4654.800 2.24455e-15
4664.000 2.13451e-15
4673.200 1.96128e-15
4682.400 2.09141e-15
4691.600 2.08304e-15
4700.800 2.00556e-15
4710.000 2.11499e-15
4719.200 2.03466e-15
4728.400 1.88595e-15
4737.600 1.70218e-15
4746.800 1.83655e-15
4756.000 1.60674e-15
4765.200 1.54907e-15
4774.400 1.41105e-15
4783.600 1.46570e-15
4792.800 1.47800e-15
4802.000 1.40184e-15
4811.200 1.35263e-15
4820.400 1.28845e-15
4829.600 1.37810e-15
4838.800 1.46257e-15
4848.000 1.28204e-15
4857.200 1.40493e-15
4866.400 1.21637e-15
4875.600 1.21236e-15
4884.800 1.13375e-15
4894.000 1.17049e-15
4903.200 1.11338e-15
4912.400 1.17861e-15
4921.600 1.22400e-15
4930.800 1.10017e-15
4940.000 1.11333e-15
4949.200 1.10014e-15
4958.400 9.91095e-16
4967.600 1.04792e-15
4976.800 9.45018e-16
4986.000 1.01398e-15
4995.200 1.06376e-15
5004.400 1.01496e-15
5013.600 1.16619e-15
5022.800 1.11808e-15
5032.000 1.10354e-15
5041.200 1.18145e-15
5050.400 1.08414e-15
5059.600 1.03446e-15
5068.800 1.13253e-15
5078.000 1.14868e-15
5087.200 1.10429e-15
5096.400 1.29486e-15
5105.600 1.20436e-15
5114.800 1.10423e-15
5124.000 1.13784e-15
5133.200 1.21454e-15
5142.400 1.48455e-15
5151.600 1.39031e-15
5160.800 1.33127e-15
5170.000 1.38580e-15
5179.200 1.45182e-15
5188.400 1.39309e-15
5197.600 1.38765e-15
5206.800 1.45123e-15
5216.000 1.54524e-15
5225.200 1.49459e-15
5234.400 1.58182e-15
5243.600 1.62704e-15
5252.800 1.52622e-15
5262.000 1.61615e-15
5271.200 1.55415e-15
5280.400 1.55267e-15
5289.600 1.51304e-15
5298.800 1.38249e-15
5308.000 1.38522e-15
5317.200 1.39098e-15
5326.400 1.46267e-15
5335.600 1.36905e-15
5344.800 1.39119e-15
5354.000 1.17774e-15
5363.200 1.18754e-15
5372.400 1.02470e-15
5381.600 9.36264e-16
5390.800 9.53451e-16
5400.000 8.77287e-16
5409.200 9.50353e-16
5418.400 9.26705e-16
5427.600 8.96108e-16
5436.800 8.68931e-16
5446.000 9.47443e-16
5455.200 9.63232e-16
5464.400 9.32174e-16
5473.600 9.36878e-16
5482.800 9.41053e-16
5492.000 1.00472e-15
5501.200 9.97632e-16
5510.400 1.11002e-15
5519.600 1.03639e-15
5528.800 1.06691e-15
5538.000 9.91175e-16
5547.200 9.57512e-16
5556.400 8.33302e-16
5565.600 8.19785e-16
5574.800 9.12719e-16
5584.000 7.63225e-16
5593.200 7.92111e-16
5602.400 7.93520e-16
5611.600 8.32665e-16
5620.800 8.60349e-16
5630.000 8.74979e-16
5639.200 9.98567e-16
5648.400 1.00046e-15
5657.600 1.08990e-15
5666.800 1.11047e-15
5676.000 1.12164e-15
5685.200 1.17067e-15
5694.400 1.15457e-15
5703.600 1.21486e-15
5712.800 1.18825e-15
5722.000 1.17081e-15
5731.200 1.21851e-15
5740.400 1.23380e-15
5749.600 1.25799e-15
5758.800 1.18334e-15
5768.000 1.20888e-15
5777.200 1.19695e-15
5786.400 1.30568e-15
5795.600 1.22303e-15
5804.800 1.28462e-15
5814.000 1.14212e-15
5823.200 1.18619e-15
5832.400 1.16443e-15
5841.600 1.13711e-15
5850.800 1.16236e-15
5860.000 1.11628e-15
5869.200 1.10580e-15
5878.400 1.13120e-15
5887.600 1.12670e-15
5896.800 1.09999e-15
5906.000 1.07832e-15
5915.200 1.04547e-15
5924.400 1.10338e-15
5933.600 1.04694e-15
5942.800 1.14800e-15
5952.000 1.16186e-15
5961.200 1.14609e-15
5970.400 1.20588e-15
5979.600 1.19840e-15
5988.800 1.11568e-15
5998.000 1.12088e-15
6007.200 1.14256e-15
6016.400 1.16161e-15
6025.600 1.07098e-15
6034.800 1.07455e-15
6044.000 1.04734e-15
6053.200 1.15157e-15
6062.400 1.15516e-15
6071.600 1.15892e-15
6080.800 1.11661e-15
6090.000 1.07212e-15
6099.200 1.19859e-15
6108.400 1.12835e-15
6117.600 1.09044e-15
6126.800 1.15971e-15
6136.000 1.08850e-15
6145.200 1.10081e-15
6154.400 1.02639e-15
6163.600 9.27548e-16
6172.800 8.24678e-16
6182.000 6.78730e-16
6191.200 5.62874e-16
6200.400 4.86886e-16
6209.600 3.71884e-16
6218.800 3.57667e-16
6228.000 3.47832e-16
6237.200 3.51857e-16
6246.400 3.00297e-16
6255.600 2.92839e-16
6264.800 3.47271e-16
6274.000 3.30098e-16
6283.200 3.51100e-16
6292.400 3.67552e-16
6301.600 5.39652e-16
6310.800 3.72592e-16
6320.000 4.72429e-16
6329.200 4.60986e-16
6338.400 5.28840e-16
6347.600 6.27663e-16
6356.800 6.58268e-16
6366.000 7.69127e-16
6375.200 7.46407e-16
6384.400 8.16497e-16
6393.600 8.21928e-16
6402.800 8.64651e-16
6412.000 8.46942e-16
6421.200 8.44819e-16
6430.400 8.83847e-16
6439.600 9.15490e-16
6448.800 9.79012e-16
6458.000 9.15152e-16
6467.200 9.61984e-16
6476.400 1.01632e-15
6485.600 9.27756e-16
6494.800 9.64845e-16
6504.000 9.56690e-16
6513.200 1.01698e-15
6522.400 1.02155e-15
6531.600 9.26247e-16
6540.800 8.77353e-16
6550.000 8.75215e-16
6559.200 9.79031e-16
6568.400 8.66493e-16
6577.600 9.29698e-16
6586.800 8.51079e-16
6596.000 9.01953e-16
6605.200 8.88986e-16
6614.400 8.57758e-16
6623.600 8.08379e-16
6632.800 8.84721e-16
6642.000 8.56769e-16
6651.200 8.13047e-16
6660.400 7.46115e-16
6669.600 7.27875e-16
6678.800 7.86764e-16
6688.000 7.30792e-16
6697.200 7.62465e-16
6706.400 6.98537e-16
6715.600 6.44508e-16
6724.800 7.49397e-16
6734.000 8.56737e-16
6743.200 9.46903e-16
6752.400 7.27321e-16
6761.600 7.28525e-16
6770.800 6.93370e-16
6780.000 6.89838e-16
6789.200 7.16217e-16
6798.400 6.70423e-16
6807.600 6.82989e-16
6816.800 7.15801e-16
6826.000 6.59484e-16
6835.200 6.62754e-16
6844.400 7.09746e-16
6853.600 6.47345e-16
6862.800 6.31121e-16
6872.000 5.25105e-16
6881.200 4.85607e-16
6890.400 5.54885e-16
6899.600 5.92463e-16
6908.800 5.80314e-16
6918.000 5.80690e-16
6927.200 5.89802e-16
6936.400 6.10815e-16
6945.600 5.06918e-16
6954.800 5.97866e-16
6964.000 6.39988e-16
6973.200 5.53697e-16
6982.400 5.53217e-16
6991.600 5.64011e-16
7000.800 5.83767e-16
7010.000 5.87977e-16
7019.200 4.84898e-16
7028.400 5.38077e-16
7037.600 5.25916e-16
7046.800 5.35755e-16
7056.000 5.12771e-16
7065.200 5.01952e-16
7074.400 5.29768e-16
7083.600 4.65957e-16
7092.800 4.03562e-16
7102.000 5.91644e-16
7111.200 5.41639e-16
7120.400 5.08415e-16
7129.600 4.32778e-16
7138.800 5.46090e-16
7148.000 5.06127e-16
7157.200 5.10725e-16
7166.400 4.19464e-16
7175.600 4.65079e-16
7184.800 4.13181e-16
7194.000 4.62961e-16
7203.200 4.49141e-16
7212.400 5.11849e-16
7221.600 4.62578e-16
7230.800 5.34220e-16
7240.000 4.38003e-16
7249.200 4.16108e-16
7258.400 3.98042e-16
7267.600 4.68413e-16
7276.800 4.24698e-16
7286.000 3.94865e-16
7295.200 3.94244e-16
7304.400 4.36129e-16
7313.600 3.97804e-16
7322.800 3.97569e-16
7332.000 4.06850e-16
7341.200 3.75683e-16
7350.400 3.80251e-16
7359.600 3.33316e-16
7368.800 4.57854e-16
7378.000 4.58408e-16
7387.200 4.40229e-16
7396.400 4.87445e-16
7405.600 4.36360e-16
7414.800 4.29741e-16
7424.000 4.20892e-16
7433.200 4.15394e-16
7442.400 4.28477e-16
7451.600 5.38028e-16
7460.800 6.03311e-16
7470.000 3.79698e-16
7479.200 3.61458e-16
7488.400 3.97772e-16
7497.600 3.99848e-16
7506.800 2.96020e-16
7516.000 3.40207e-16
7525.200 4.32554e-16
7534.400 3.38982e-16
7543.600 3.08647e-16
7552.800 3.06493e-16
7562.000 3.53653e-16
7571.200 2.65383e-16
7580.400 3.02620e-16
7589.600 2.11577e-16
7598.800 1.23525e-16
7608.000 1.50261e-16
7617.200 1.78303e-16
7626.400 8.45750e-17
7635.600 1.20826e-16
7644.800 1.39278e-16
7654.000 2.71251e-16
7663.200 2.78879e-16
7672.400 2.12358e-16
7681.600 1.70180e-16
7690.800 1.60040e-16
7700.000 2.71956e-16
7709.200 2.36747e-16
7718.400 2.56374e-16
7727.600 3.54389e-16
7736.800 2.65664e-16
7746.000 2.78075e-16
7755.200 2.80823e-16
7764.400 3.00501e-16
7773.600 2.30832e-16
7782.800 2.17305e-16
7792.000 3.15198e-16
7801.200 2.90016e-16
7810.400 2.41580e-16
7819.600 1.38368e-16
7828.800 2.44253e-16
7838.000 3.45842e-16
7847.200 2.53487e-16
7856.400 2.11168e-16
7865.600 2.84505e-16
7874.800 1.70527e-16
7884.000 2.09459e-16
7893.200 2.06274e-16
7902.400 1.31357e-16
7911.600 5.43487e-17
7920.800 3.05736e-16
7930.000 6.54055e-17
7939.200 1.29134e-16
7948.400 1.51037e-16
7957.600 3.43110e-16
7966.800 7.62756e-17
7976.000 1.16598e-16
