# OBJECT=ZTF26aayznam
# RA=1.1303944444
# DEC=41.9953611101
# EQUINOX=2000.0
# RADECSYS=FK5
# OBJPMRA=0.0
# OBJPMDEC=0.0
# OBSERVATORY=LaPalma
# TELESCOPE=NOT
# LON-OBS=-17.879999999999995
# LAT-OBS=28.758333333333336
# ALT-OBS=2326.9999999988386
# INSTRUMENT=ALFOSC
# DETECTOR=E2V CCD 231-42 2kx2k
# CHIPID=12234-10-01
# DATE-OBS=2026-07-31T04:47:12.680
# JD=2461252.69945
# MJD=61252.19945
# EXPTIME=1200.0
# NCOMBINE=2
# INTTIME=2400.0
# SLIT=Slit_1.0
# DISERPER=Grism_4
# BINNING=1,1
# AIRMASS_START=1.05019637948306
# DETWIN1=[801:1300, 1:2102]
# PROPID=70-501
# PROPTITL=External Project: Extragalactic transient classifications for the V
# NOT_OBSERVER=Astrid and Antonella
# HOME_OBSERVER=Jesper Sollerman, Anjasha
# REDUCER=Anjasha
# GROUPID=20260730_ztf26aayznam_spec1_0
# BLOCKID=ztf26aayznam_spec_1_0
# PIPELINE=PypeIt v1.14.0
# WLENSYSTEM=vacuum
# FLUX_FACTOR=1e-17
# EXTENSION=SPAT0230-SLIT0250-DET01
# WAVE_RMS_PX=0.11772252252907166
# PSF_FWHM_PX=4.825214881958717
# HISTORY 0=2026-07-31T07:29 PypeIt Reducing target ZTF26aayznam
# HISTORY 1=Combining frames:
# HISTORY 2="ALJg300212.fits"
# HISTORY 3=Calibration frames:
# HISTORY 4=bias "ALJg300290.fits"
# HISTORY 5=bias "ALJg300291.fits"
# HISTORY 6=bias "ALJg300292.fits"
# HISTORY 7=bias "ALJg300293.fits"
# HISTORY 8=bias "ALJg300294.fits"
# HISTORY 9=bias "ALJg300295.fits"
# HISTORY 10=bias "ALJg300296.fits"
# HISTORY 11=bias "ALJg300297.fits"
# HISTORY 12=bias "ALJg300298.fits"
# HISTORY 13=bias "ALJg300299.fits"
# HISTORY 14=bias "ALJg300300.fits"
# HISTORY 15=arc,tilt "ALJg300214.fits"
# HISTORY 16=pixelflat,illumflat,trace "ALJg300215.fits"
# HISTORY 17=2026-07-31T07:34 PypeIt Flux calibration "sens/61241.2149.fits"
# COLUMNS: WAVE FLUX FLUX_ERR
3851.031550877512 22.591818488903108 0.13729960834398672
3854.012080352671 17.51921384627043 0.1537207389317606
3858.498990671432 17.900544296912663 0.315675248250975
3862.96205917969 23.199226917082587 0.15591286911940044
3865.9485836039926 19.145878406784856 0.1668464391866758
3868.936352064643 15.853239776831243 0.16864663510884798
3871.925594003681 22.679744787645095 0.164332720505015
3875.9258548804683 24.09821022958107 0.254656010864011
3879.9170755744885 20.15831538538961 0.2613288093828027
3883.8979384068557 27.426557532364793 0.17101264279458997
3886.8947393747494 27.34493129752689 0.1717271626598194
3889.8928793638647 21.504619237171134 0.18470742304165982
3892.892863267044 26.84692078519064 0.17300388604769443
3897.405704393822 25.90614474221221 0.34555242676593717
3901.900939544862 21.915252685474776 0.17750625677628049
3904.906807546435 28.571495594933896 0.1686156885900095
3907.9135992173387 28.111854520241575 0.1756399957517433
3910.922198119072 23.09566086318392 0.17855596898812992
3913.9321917825423 18.232299704436283 0.1903517749782198
3918.459180235807 22.26673754632102 0.38274781588699136
3922.971045130965 18.872926771492644 0.2125424152016483
3925.9870096084105 23.51081999121357 0.22049659775817004
3929.0043848625783 22.709324245277248 0.24466011019429415
3932.022963684977 25.165206364701465 0.25389693785405526
3935.043232187905 22.005487937966894 0.2734959524606745
3939.5843364216053 23.395749864282497 0.5270292363239792
3944.1124428558455 24.126311215498482 0.24658312799266607
3947.1383957674534 24.050238091301424 0.23094057601248708
3950.1658535412603 26.636288909892528 0.22181566168433312
3953.1946367385563 21.495445609330265 0.22143265938818388
3956.2244660575057 20.619447115940844 0.23009575235155824
3960.78002134105 21.953853985627966 0.4984316828258032
3965.3245410118025 20.22347684917637 0.2870206825269418
3968.3604748335165 19.0576254430915 0.3084792837798114
3971.397488953491 17.2945265221035 0.3262001186461616
3974.4361351121734 23.224686602445505 0.2841417195342849
3977.4764185131903 21.644007395779468 0.2669743979876674
3980.517915890718 21.545402274157674 0.24614406020489824
3985.089459012066 22.242135985658038 0.481145141279943
3989.651151259334 23.133655131222934 0.230628818016137
3992.698311325597 20.926872433357488 0.23959773483831545
3995.7469279634233 25.634637277935767 0.22869298206428873
3998.7968300097796 22.343827559143136 0.24008511003261646
4001.848274097151 24.503417387188453 0.23196396746645143
4006.4335776783846 23.336618047063673 0.4818581148025691
4011.0106726192207 21.26602876090486 0.24661754509262818
4014.0676652488733 21.68696569014528 0.2419508073513871
4017.125905289923 23.629767739116325 0.24504861453572557
4020.1856514054384 23.562747822202784 0.2444339900882032
4023.2466599392815 20.080205661119873 0.25157846888873026
4026.308926038655 21.407236712374342 0.25052860282786427
4030.910063272813 19.26708260394332 0.5272169093619785
4035.5045322682085 21.194664750414514 0.26667299642656067
4038.572355408908 21.059580932838017 0.26924957611328815
4041.641641789285 18.879529198099878 0.28032336378914213
4044.7121456025234 18.296178394272527 0.2774738980823298
4047.7841441766127 17.221126068231356 0.2874607724215165
4050.8573981625564 14.837769011848591 0.3034531526016068
4055.4746970446663 21.07131275595002 0.5764418486284568
4060.0854267227214 20.848613474085223 0.29130266196923216
4063.1641110073047 19.947786471836014 0.2982824137987151
4066.2441142338675 23.04204760616519 0.2965829820384295
4069.3255214984097 24.52650350642759 0.29494882860381016
4072.4079310435172 22.332470725281617 0.30570370569692723
4075.4922782068934 22.283908956337555 0.29788700718099537
4080.125301395969 22.661425932735987 0.6031222141708517
4084.752397593403 22.825228048602 0.2959169058862467
4087.8417138090394 22.176417194801413 0.29149116446231277
4090.932418702547 18.08064562584187 0.3029302654115871
4094.024315072637 18.835818897547878 0.31632447582625833
4097.117841567619 22.263200081029368 0.31352175021709106
4100.212412029259 22.208751254768504 0.3164400059587322
4104.861048358193 24.591969420844634 0.6478053868818038
4109.50382798108 26.24737955013141 0.3059731375477757
4112.603991792054 21.962822476318575 0.3267383571781654
4115.705349127409 19.92968328565047 0.3223038993570162
4118.807680639881 20.44749087833572 0.3169602939757517
4121.911779903893 17.25966020640536 0.33351304719065616
4125.016587716963 18.63512822019324 0.33408247202203234
4129.680621312671 22.22454508368923 0.6562787227022102
4134.339611447202 18.570620912889318 0.3419087839540733
4137.449698320267 22.51096878118733 0.32964188698042707
4140.56131263197 22.301421504394835 0.3385336346509541
4143.674046710263 19.84903777037329 0.3491780057288684
4146.788203899333 17.14109437591544 0.35382327064317515
4149.903625298341 17.929661817460648 0.3610959449191609
4153.020312842753 18.310407567354087 0.36904951711407963
4157.701660607574 17.076403871577195 0.7125022630667717
4162.377867366896 22.289025441373187 0.3307839009244577
4165.499507247681 19.733621347196248 0.34331534936547037
4168.622450416878 19.136520368613606 0.3583269018389873
4171.746703586416 17.240184675967626 0.37160066902555844
4174.8722956878855 20.031256802602677 0.3713616803463717
4177.999233500654 20.561881085345306 0.38332731879331294
4181.127150458105 20.96443013279855 0.38268804751059826
4185.8260393467135 16.518437680426207 0.8072371040026676
4190.518714142 16.358965165018507 0.4017068853513324
4193.651919504259 20.278493134803824 0.40295287592874673
4196.785776105649 15.092428979567503 0.4303372025462339
4199.92139970018 16.256389126620306 0.39972727122017293
4203.058230182479 17.26228020906572 0.43098224406668356
4206.196235098011 19.338267158998796 0.41734390469753635
4209.335801687979 15.650797905283916 0.4271132390615374
4214.05114525306 19.49732486389832 0.8161461490949606
4218.760807794392 17.504726496278412 0.4076626126580459
4221.904595170318 19.128079805202518 0.4265119424526346
4225.050064246301 18.11241311211668 0.44219700964529607
4228.196655660428 19.08812033412421 0.44055573222816596
4231.34452168682 18.792444379922 0.44417214202738653
4234.4935368886245 17.520734063956155 0.449020614205185
4237.643668153139 19.583825794749465 0.4445866982051473
4240.79530068569 19.261728221229827 0.4372800436476064
4245.529309479506 21.416820101668637 0.8645251054312338
4250.256865038598 23.798916747405706 0.4275763891835975
4253.412859264562 19.390389563456367 0.45290725484478983
4256.570315542126 23.47333749981078 0.4201691507058882
4259.729325375718 23.87006906010591 0.4314143569554094
4262.889227628039 19.737959790600545 0.4500078329441614
4266.050431115811 20.31298074270162 0.45740769361755357
4269.21275085349 20.38714559580778 0.457151842689678
4273.9628896532595 19.771241081884362 0.9500818982123153
4278.706660001179 21.91452236630389 0.47189632019174427
4281.8733264455905 22.089710108471092 0.4487421374591488
4285.042236606507 21.78923637311591 0.4724029396927489
4288.2113296453645 20.1840701790176 0.4904604645486163
4291.381978360355 21.42314514475085 0.4954344637644216
4294.553633378755 19.401260405549404 0.5173578238186436
4297.726438960993 23.949844708435062 0.500709714233746
4300.900822905999 20.902322683178642 0.5384414544573968
4305.668357618125 21.697807205089582 1.1469128424336406
4310.430057587885 22.168804006852923 0.5675002048133624
4313.608794700185 22.822265305307525 0.5256304357659858
4316.788746864913 23.73376074415427 0.4914478848591239
4319.96978401131 21.623534060849998 0.5021546092476358
4323.15193002915 17.25466889614729 0.5143268359928465
4326.335437306251 22.486094884442856 0.4824438936911672
4329.519972428516 19.869267225152985 0.49643309212282993
4332.705725315724 21.714107692088362 0.5014223952752241
4335.892599112727 22.02117155517632 0.5052989215652958
4340.6789006906865 21.514089085512143 1.0411170939645558
4345.460026672753 20.90647983958284 0.5318034401420836
4348.651450740353 18.644374915441094 0.542597250123788
4351.844049419028 19.67964946521563 0.5286746201694221
4355.037770880517 20.02091362827002 0.523137678878517
4358.232519273549 22.59860896527304 0.50031236562741
4361.4285217655715 20.562519766133306 0.5109046030673058
4364.62551368978 18.69332291107613 0.5181953354115985
4367.823897199354 22.637400831561994 0.4954703552638475
4371.023174878749 20.46215198573824 0.5168795614061709
4375.827928244457 21.063523565869104 1.0598518237804921
4380.62801626551 23.127882109919334 0.5364317887732423
4383.831446686786 26.1879337256226 0.4924689334791064
4387.03673143923 21.092109518128748 0.553960759429619
4390.2428002734005 21.239019484349775 0.5558917124520684
4393.450062062293 20.03412627251184 0.5691814538557998
4396.658504339803 20.239014298759596 0.5541924141203698
4399.8676034004 21.252074583561253 0.5353955050551018
4403.07798851263 18.346665788598305 0.5670990732588624
4406.289637064599 20.686893589521077 0.5427315078065671
4411.111979018765 18.15039339791098 1.1176220418014653
4415.931338003204 18.03593388374534 0.5522925486157029
4419.146342395058 19.657606347398318 0.5352033175255283
4422.363861719824 19.16814729292956 0.5469921189333214
4425.582083022849 18.925932621491047 0.5483754803676715
4428.801429703221 15.757986152228957 0.556836395659684
4432.021713002208 19.492018059584403 0.5473592562714478
4435.243064957758 19.919045160159843 0.5408399684126134
4438.4655892395085 19.320770879376074 0.5514146464288123
4441.6891940828455 20.652064697394568 0.5353819516026277
4444.913781731932 21.220097912763634 0.5377750754538743
4449.755489409409 21.43392617151851 1.101362383587767
4454.594201157297 20.567459947689787 0.5629832648708601
4457.823303071422 21.010737742118682 0.5706553001114542
4461.053154909054 18.545604330090402 0.5889973609217647
4464.284160859954 18.43483773645015 0.5964633199831184
4467.516286116254 20.50386614211022 0.5827403743646472
4470.749494135672 20.489584560749037 0.5686873144145885
4473.984211861287 17.830675500728564 0.5903072508487892
4477.219080810452 18.918393835438437 0.5779052258860463
4480.455506012023 21.18296618231899 0.5639170354110545
4483.692881593476 19.374780788920603 0.5770509149298135
4488.553143518143 20.41081686729949 1.167899368399735
4493.411417126177 17.79274896098801 0.6113672097368592
4496.652949836779 17.660818534055988 0.6086337924668611
4499.8956894160465 18.221883537361165 0.5983495900616551
4503.138934645157 21.128663725475896 0.5490304706257509
4506.384082680826 21.19909069171801 0.5737347152788623
4509.6296114410225 21.629135202459764 0.5387099467212679
4512.876607350227 19.7632251591028 0.5793605710450932
4516.124496181676 21.526854333746467 0.5752855398999601
4519.373365973103 19.537569450493788 0.5921594940596113
4522.623157853417 23.16242535792912 0.581090363891926
4525.87413760025 17.908230428126572 0.6225380793914852
4530.754476031252 21.903974912771606 1.2157921871364574
4535.633080777227 20.875776502400207 0.6213278262723969
4538.888060398301 21.094620733203403 0.6181719120748479
4542.143894901491 20.92670046092206 0.6198195460121961
4545.401157478979 24.141593954514967 0.593735139250245
4548.659198045593 20.469515071915442 0.625558908053609
4551.918212622821 21.35055773713195 0.616456496643347
4555.178314325469 20.062830588363788 0.6383303975313939
4558.439412130926 22.594448020238517 0.614808353246824
4561.701468134184 21.421476490982883 0.6185877780449237
4564.964584438166 23.94700043130369 0.6001862669075017
4568.228719085388 24.398296322118362 0.5917439897913497
4573.128288928801 23.424425129432898 1.222880899493495
4578.02700479322 21.240803714349124 0.6360090666220032
4581.295115717081 20.933823619590047 0.6343680037735691
4584.563915759936 25.21052572499719 0.6110420753068431
4587.834192267926 21.987630783600586 0.6484162214367386
4591.105245414303 24.21326295983661 0.6313404107589226
4594.377312610473 23.035222195614217 0.6440059342575788
4597.650410623519 23.663610679660646 0.6336406582751806
4600.924352151197 24.80311870582849 0.6344577161277917
4604.1993263881905 22.57026848881677 0.653367393199689
4607.475340256031 19.645288737937893 0.6687184787362809
4610.752238419888 21.657701198602556 0.639849108571645
4614.030128849105 22.625633017918453 0.6452906626038334
4617.308997702447 21.434695726942795 0.6580589401116874
4622.231732636565 22.204647901082154 1.2695759610054735
4627.151837533926 23.403562561961603 0.6397541225108002
4630.434226430353 21.26862021383166 0.6744748232273439
4633.717999567111 22.05228185130404 0.6560445942873012
4637.002707911413 20.755885685878344 0.6780509545174106
4640.288279656728 21.737822056245165 0.6629639844999347
4643.57463323694 20.247906838328337 0.6986694947118625
4646.862628282494 22.694928868442446 0.6838990085045956
4650.150923979328 19.56216388988169 0.7016374413859187
4653.440458613712 22.748235832683164 0.6931476091288618
4656.730683918438 21.538769710314405 0.697305092342394
4660.022231179046 21.790160154451726 0.6865159135953971
4663.314395596567 21.80717934052288 0.691046532089544
4666.607761587318 22.793766614480713 0.7003304040080095
4671.551548949652 21.504242758589363 1.398282258929889
4676.49285524067 20.364191861959913 0.7428040185865129
4679.790149512005 23.103406288434005 0.6904738713045849
4683.088069130993 19.80871034858599 0.7353733572186207
4686.386822555144 21.01828399739798 0.7229195052624967
4689.686797258633 18.635893726947824 0.733558695335598
4692.987564695226 21.750483810585465 0.7128608905415489
4696.288868234337 20.95500604617478 0.743429594197419
4699.591957177912 19.531672139256727 0.7722266400411597
4702.895625764862 22.84443347629824 0.7519007079660837
4706.199546516611 18.132607509733838 0.8117044666139167
4709.505448249089 22.02900413760626 0.771207397927618
4712.8113461914545 21.440350401478575 0.7413508227915183
4716.118485795806 19.865807482910416 0.7631132523225558
4719.426817696495 19.744080063794982 0.7549148080084862
4724.392890588115 20.13604375878928 1.4821230079476864
4729.356471685957 19.646560780446364 0.7561102149427928
4732.668532091235 18.046910310514495 0.7722755931944427
4735.980760397629 20.682705440512386 0.7471975123464841
4739.294337865651 22.02450302860596 0.7514065992869025
4742.6087637567225 21.05246248319745 0.7518010728746126
4745.9241247252885 18.626291743222865 0.7632531949233536
4749.240423682541 19.884430065626386 0.7657525549886893
4752.557525580196 19.165882714050507 0.7659451867953951
4755.875673255562 20.39567290081782 0.7631054888597094
4759.194131319238 15.13246338847269 0.8374766400984027
4762.514413375154 18.473651472185658 0.7973604486760945
4765.835077136387 17.40684081104159 0.8164109865811655
4769.156660398455 19.056193489874303 0.810870235496174
4772.479146105896 18.34932698292234 0.8031208403366417
4775.802886533864 16.771487213521244 0.8053553633282987
4779.126840627868 17.203964133464318 0.8079469151255125
4784.117087736803 18.225823348040112 1.5955915516466572
4789.1048173363415 17.57593311615512 0.8113407813313204
4792.432923527871 17.00406761428813 0.8332376541050652
4795.7613155663175 20.26284642002067 0.790739636000618
4799.090791812841 17.340460418701245 0.818498219029106
4802.421199908838 16.96606377338508 0.8202614717382802
4805.7524320382645 17.82091997693145 0.8244946412127417
4809.084623069952 15.735672607433127 0.8390413915002158
4812.417564966655 18.370000092021407 0.8129045758637183
4815.751380089449 18.9440189813832 0.8111840422527626
4819.0858361835735 16.257764520049086 0.8431817100511257
4822.4214438809595 17.205998445255506 0.8362202894154296
4825.758122039921 16.692368099858015 0.8426882589890957
4829.095421137049 17.241278236620957 0.8488750954425827
4832.433444606409 17.87498757465906 0.8433365353812979
4835.772488110514 15.157732475246616 0.875090386161426
4839.112087196526 16.84735360714995 0.9040579607122422
4842.453307832152 17.775637769013798 0.8726742301068625
4847.467773121146 17.272600688626312 1.7870182891904227
4852.480117533179 17.464064912283405 0.892708099865418
4855.824140982928 17.44405928762116 0.929492033930825
4859.169211846534 17.464039404465844 0.9591031300335657
4862.515476101821 16.7272673902227 0.9628183996760308
4865.8612728518065 16.416892292118742 1.008160313442348
4869.208850646389 16.113857205749564 0.9931499259995457
4872.557266920061 14.289232884374801 1.0093751358963248
4875.906164496122 16.64287105259955 0.9396656819689349
4879.256001220403 17.680903153876105 0.9353168897981524
4882.606355130967 19.53810693235285 0.8698562217946174
4885.958378770367 17.060090059010292 0.9233347888893797
4889.310789395909 18.21270081318314 0.9083958243316644
4892.6639363418635 19.778809416658863 0.8956259908676791
4896.017936769448 15.805007577659007 0.9387042804779221
4899.372794934443 17.957012482588773 0.8996324189898962
4902.728568206338 17.69967714841927 0.9008728771821314
4906.0850566137005 16.361038195536718 0.9106076215321968
4909.442365743316 17.165950747987097 0.9159415928494047
4914.481477290965 17.752682169840472 1.8184423254361448
4919.519081696599 19.37775494738342 0.9307769046969929
4922.8796302976825 18.57977805533855 0.9378714598063833
4926.241033083006 16.36192896469931 0.9726481765266891
4929.6031734919225 19.126161002513278 0.9291678756234037
4932.966146076351 18.70477834065008 0.9226429104785927
4936.329820256698 17.76023291137355 0.9335790948339957
4939.694265735932 16.663372886532102 0.9643044123885819
4943.059831819025 18.15785204478619 0.9305497557054214
4946.425748035865 17.592068793361165 0.9456311605031694
4949.793236381537 16.508193017518856 0.9124363437576901
4953.160505198274 18.75626846726481 0.9224523386242227
4956.529083503157 19.486237007844775 0.9360581013628233
4959.898546019358 19.293034553765338 0.9440708931017914
4963.268509431186 20.24313695335272 0.9365500379961161
4966.639434042723 17.59011698979112 0.9529257206624431
4970.011165418285 18.88111581618984 0.9183555361654905
4973.383480549241 18.913897307640937 0.9435705965598288
4976.756806846507 18.731634502783006 0.9482050879310536
4980.130833164727 17.491625794931636 0.9762197650270705
4983.505717810159 19.50529319723762 0.9632200233273182
4986.881154670661 17.21421526382878 0.9959042132592832
4990.257954521404 17.845936564311263 0.9503456144504698
4995.325869364433 19.28097686316637 1.9305839496881676
5000.3913122466165 19.758578248454935 0.965667076778719
5003.770663581452 19.51926064585645 0.9763137690950717
5007.1508493497795 18.013988170987478 1.0227481628062312
5010.531893328111 18.981842097504565 1.005972344565994
5013.913626618316 20.491386281782027 0.9960134232038772
5017.296089029667 19.30399125263114 1.0175917148199387
5020.679012744967 19.708331046280627 1.0090230247523042
5024.063378086873 21.764566661045624 0.9725505108271493
5027.448193065429 20.040363722094813 0.9988752641880433
5030.833669951309 20.16790447649508 0.9952703562481967
5034.2198980139665 18.367444147251582 1.0177940178787053
5037.606936988643 19.124169191828987 1.0204908199613814
5040.994764459059 19.39118636640562 1.0067427665230848
5044.383364618709 19.310910253110112 1.0122973169613751
5047.772581427868 21.055350219009267 0.9959480301479273
5051.1626123049755 22.127771587837074 0.9751935125962019
5054.553308815431 21.28319838498048 0.992363775426625
5057.944954195717 21.587874755945556 0.9742765783135634
5061.337119454291 21.975329820704154 0.9650751770512569
5064.730207747908 17.778185170454933 1.0304029801832688
5068.125356632734 20.00064739316108 1.0121451253553748
5071.519831920742 20.205799453541623 1.029129082014652
5074.915161712525 19.5873579114501 1.0672426593593503
5078.311076292995 17.685423742469432 1.0929166924847054
5083.408310699407 19.07409655662772 2.1579595720748284
5088.502536205133 16.417089957383535 1.1316699881440637
5091.901576901479 19.065213952773863 1.08479419542675
5095.3006732009235 20.53471187196069 1.045176174238077
5098.700456992028 21.10160685047873 1.034187018557114
5102.101569854443 26.842017855906292 0.9593940140403897
5105.50336963141 28.377837592527868 0.9576273517051854
5108.905774966081 29.251529466699573 0.937102553263078
5112.308630753636 26.35013103071285 0.9689882110502546
5115.712915373442 22.48964552693989 1.0118825146024777
5119.117531403251 18.60545937033341 1.0586110694430362
5122.522751555799 16.491278863853754 1.1042179599973958
5125.928578574018 16.73953893238153 1.1214179331823706
5129.335661304944 18.489118485948485 1.0830019971685787
5132.743106954603 18.857994140942616 1.0871737216978294
5136.151259704099 18.430823290400316 1.0898320262689936
5139.560157842014 18.120575121761135 1.1138408437041503
5142.969860971488 19.37453120744788 1.0873272037336374
5146.380101949122 18.367382455720712 1.1095186235797492
5149.790869039199 20.87439397067607 1.084861797511759
5153.202790629713 17.525555324210703 1.1199272988089684
5156.615199823756 17.857862987098688 1.1179724459554294
5160.0282733896265 19.569833112159653 1.1054698496387556
5163.442072545645 19.343997469779037 1.1300019758708237
5166.856547319437 19.44877916877017 1.17641877677384
5170.27165467728 17.85592206532569 1.2222472303442502
5173.6875656864595 19.98731306638088 1.2010912570965575
5177.10409554124 17.982998579895565 1.2169175615988939
5180.521335460465 19.958916561107518 1.1710055908088697
5183.939349579945 18.202525241222762 1.191194022974941
5187.357920865295 20.066355732876207 1.1484271928645184
5192.488156807289 20.261404477750652 2.2970051826333604
5197.6177331223225 18.828306782270438 1.150509530841666
5201.039242661835 18.691732116722132 1.1364454141758826
5204.461250877948 19.188487851155912 1.128219561500967
5207.88393003593 16.758463043403527 1.1662277544801567
5211.307334324927 18.325848957798396 1.152136901858172
5214.731474256691 18.758467065424092 1.1603022245323347
5218.156152039091 17.864335502988656 1.159092072297669
5221.581472000144 17.368805690827905 1.1599462679583064
5225.007440364699 17.75426110762685 1.1749384329265564
5228.4342275468225 20.054835156051848 1.1363914745231463
5231.861680525211 19.85408850306664 1.1529020914760264
5235.289695979381 18.465761874414166 1.1657695035901345
5238.718408749412 20.027934051497272 1.1240386032222665
5242.147803255285 19.382160543145947 1.1335629129181304
5245.577793594292 19.827565561293916 1.1243040648793694
5249.008548426594 18.984301204310412 1.1383989593886534
5252.439900207949 18.510022868493223 1.1427698838245428
5255.8721893442125 19.375949736748332 1.144876539831339
5259.30435754085 19.657236153927766 1.1689579175361158
5262.7378982591135 19.415712445755194 1.1906379952358066
5266.17188165768 19.68929890336839 1.205898173528965
5269.606536301893 19.61511718406197 1.2243927017202758
5273.041838355076 18.541646442887206 1.2484553966181793
5276.477686605588 19.84803763094438 1.2029433826341889
5279.9149667359425 19.40000488758137 1.1859784413164487
5283.351509849602 19.8775883471726 1.1723295210423752
5286.789812678827 19.71409434381476 1.1499599297331466
5290.228246500159 18.707173912401473 1.1121349124295676
5293.667046564869 21.189053661328522 1.1338364395202567
5297.10689360052 20.564527251651434 1.134670087713181
5300.547227249996 20.713229395595427 1.138577564270448
5303.988295587995 20.441462581098097 1.1441040410426222
5307.429657684747 21.0601184436521 1.1426366930360627
5310.872150130948 20.8301100292116 1.1399354073329464
5314.315250757423 20.37550015170837 1.1349898812912567
5317.758902493539 20.812340215356755 1.1321473615775957
5321.202981599887 20.740466071795687 1.1600480076719768
5324.647937770615 20.637570253544016 1.1728490621383905
5328.093367596862 19.413991652314227 1.2148186752293169
5333.262382874892 20.125599013199732 2.4081037194261867
5338.433603123868 19.754144880969797 1.1951807021304244
5341.881510244089 18.614957493767072 1.2162544175953438
5345.3301483984515 21.241100254144428 1.1723175609267744
5348.779420848577 21.695499283173895 1.161497472822686
5352.229222157471 21.42815338857072 1.1410631268687086
5355.679650312531 19.49255566131916 1.1840467255802283
5359.1306862935235 19.311206079707215 1.1760564358248655
5362.582348981472 20.144050532846713 1.1749334115047239
5366.034701623084 18.294357278142016 1.2158264813493855
5369.487549013328 19.656072240878643 1.1991903839414868
5372.941128159162 21.470919851470555 1.1888877951281054
5376.395278387536 18.331937125012868 1.2287674999211977
5379.849910169999 19.512067307043164 1.2106902148519831
5383.305222958234 21.527077296682478 1.169285299319292
5386.761254258363 20.339055022197282 1.1999879482621267
5390.217505678136 18.832979725194498 1.238195072761255
5393.674840538763 21.397273994095443 1.1884806323471357
5397.132386351982 17.115158745121985 1.2782722247222438
5400.590965061159 18.383576047956574 1.275565407485654
5404.049281218954 20.792795175698842 1.2397643429925251
5407.509237332968 17.777139175295158 1.2421210102544682
5410.969525891821 20.424673769762443 1.2551249082872478
5414.430309977664 17.98572101914326 1.2915709130770539
5417.89159881718 20.202453967395716 1.2319221880701912
5421.353437069882 18.6484714558053 1.264757484203037
5424.815922323878 20.75275122301499 1.2201935045434835
5428.279024758041 18.089601604452515 1.272775090899023
5431.7426978609865 18.724505106297954 1.2605261343036744
5435.207167562079 19.098995693205673 1.2728407245922146
5438.6718333300505 18.507736979986703 1.2675046417168265
5442.137194869416 19.651091769424365 1.2387278878553525
5445.603206336249 19.700706902884406 1.2455880205269285
5449.069799574932 18.60999999080057 1.2695086861874627
5452.536996747116 18.671322995397468 1.2595155877456337
5456.004785127857 18.97306799430097 1.265399694623857
5459.473089923504 18.909907621717934 1.2640711109047
5462.941932184566 17.983344407811376 1.286349318069133
5466.411418408685 20.17054679286355 1.2496868090559932
5469.881654770192 17.64371445669265 1.2983343921597623
5473.3521257647335 18.05847846590046 1.2917100330359204
5476.823262813176 18.149143741774218 1.3073910848498835
5480.295029496014 20.164226346933972 1.2669980341424467
5483.767402830319 18.327093300774315 1.2911694141819114
5487.240324848418 17.706685374642788 1.3160758413594986
5490.713737142852 19.622057384175044 1.2710963833036992
5494.187760249088 19.096148424989753 1.2670562046542657
5497.6623908350075 18.52646975190424 1.2873839073462738
5501.137329394351 18.545159269587604 1.3138195438258913
5504.613178093406 16.22416553793746 1.332324459082744
5508.0891975316845 17.455356385717746 1.328588806006462
5511.566385431928 18.520371603353997 1.2931747064302048
5515.043739043763 18.33340550462796 1.2946922186177596
5518.521630401269 17.87469872992863 1.305973333269392
5522.000076408804 14.537267423881534 1.3608449668356997
5525.479175694553 17.90319783320277 1.298671234955986
5528.958795384225 17.283402008654864 1.3307559985555615
5532.439003128217 17.627195802636102 1.320307895368569
5535.919629838255 17.563780002942693 1.323007549758246
5539.401533597996 16.595363003962024 1.3225082451958905
5542.882676637513 16.61312717672803 1.3339016565145254
5546.3650650312065 17.550305348486916 1.2942065652580401
5549.847944815464 16.76418374609549 1.3253023342341868
5553.33133246254 17.83246785988441 1.2945831090231492
5556.815325235682 16.608648543301815 1.3345913189252376
5560.3001622052625 16.839655576782143 1.3475879302786415
5565.52384221542 16.776100462314346 2.692524888169887
5570.756632966385 19.03682902254892 1.1438997926491299
5574.243404327655 14.946509720434047 1.0683208354208547
5577.73052562554 15.77643880327127 0.9902131820676914
5581.218562789725 15.960881494959041 0.9800950186856616
5584.706578553847 16.723589796270463 1.0190540238245323
5588.195382956833 15.656305735799126 1.1637364443454021
5591.684727518094 15.81854572608076 1.363081678088965
5595.174585864719 17.23781372571264 1.396498268554133
5598.664992619153 16.24071525794628 1.4145973904498383
5602.1559101265675 15.611560121507097 1.4117991355541852
5605.6480805286255 14.943188321088494 1.4112128468697598
5609.1391229306355 13.622921789282584 1.4451215192825728
5612.631646278704 15.210401459486466 1.417361933867063
5616.1247988493615 14.421466531577845 1.4302013551094863
5619.619147937142 14.142595581252177 1.4201459657874995
5623.111794431616 14.989551727646113 1.4042181862814445
5626.606607126558 16.09473609637641 1.3904305411437772
5630.10217453517 16.069648182535307 1.3798644401370876
5633.598044714958 15.336085145176872 1.4244310513514342
5637.093889232572 16.0604038588529 1.3978979253519723
5640.590577441579 15.305990938154109 1.4066107861459574
5644.087686309715 16.124601110340258 1.399142503666237
5647.585334371204 14.402805655621224 1.442794091194775
5651.083902364677 14.641381891697803 1.437189451869795
5654.582207180028 14.86067285998065 1.4417122873706614
5658.081567544534 14.498484483648635 1.4705824997270813
5661.581196184164 13.732455859722087 1.4699665905865698
5665.081368574268 15.005254247611635 1.4460176486590024
5668.5820827690495 14.720617693251357 1.4466223691575522
5672.083318941545 14.189866278672666 1.43083627776592
5675.585126245224 13.062213213488157 1.4628340889666303
5679.087421511891 15.403797549023693 1.4206059211245345
5682.5903888953935 14.93009833225656 1.4448708941044472
5686.093278343045 14.333860725042975 1.465776098417168
5689.596208504608 14.555315987826864 1.481766759715949
5693.101307623917 12.841003311427334 1.4852026736298858
5696.606463591907 13.118519289549232 1.5042981793039463
5700.111278987368 15.482772003092673 1.4336937158418934
5703.6168600476485 13.30406359083725 1.489121877404402
5707.123141757624 12.88681142256677 1.5341827076363606
5710.629885899698 14.193787458959793 1.5107695655209978
5714.137348120103 12.401933630648443 1.5491663154539603
5717.6446780270935 12.199574011217265 1.5295501377007532
5721.152844835352 14.379351016718738 1.4722116054776662
5724.661763046647 13.634934837548359 1.464883351872231
5728.170903810066 12.920199704020785 1.4902091969810154
5731.680364037756 12.386340793647312 1.4905654198145537
5735.190650452712 12.073991247356524 1.5044395049166326
5738.701094613442 13.546548453357877 1.4588251373081418
5742.212184778748 13.184440234272806 1.4708575797380508
5745.723760476676 13.515774024713862 1.4916313070680818
5749.236347808112 13.395335209702633 1.4884666758777434
5752.74828235255 11.684518279552156 1.5246686668548823
5756.261383875684 11.03200371429199 1.5630342848505443
5759.7748121459235 13.632471500610919 1.507239689069211
5763.288906210334 13.355280213858077 1.505130851050758
5766.8032496009455 11.912488041086368 1.5270012461863027
5770.318163507885 11.715252789376638 1.5404969741320358
5773.834160337616 12.157571882720326 1.4730022882348144
5777.349416043827 11.134722012617733 1.5634402895783597
5780.865626006373 12.03391176759867 1.5563068737837638
5784.382614666398 12.083630448352388 1.5566473259645015
5787.899863027173 12.29674277226663 1.5490086499252336
5791.417591097589 11.351733137556868 1.5718390997931413
5794.935757939646 10.747331458808896 1.5666775662008319
5798.454408650406 12.380111564342547 1.523912699180701
5801.9736079687455 13.127688368659589 1.5033882784419985
5805.493158084333 11.250374689920847 1.5487520768342058
5809.0134483819675 14.091427900771865 1.443216298838767
5812.533798397655 11.574645216588468 1.533652498419027
5816.054751217215 11.431933540957376 1.5407937968177936
5819.576250063893 13.075115885936155 1.4934551762139743
5823.098144122231 11.446506916776173 1.51101793040966
5826.620519588978 12.701169464455592 1.4919306842628028
5830.143278719602 12.39180592305848 1.4994647460896524
5833.666592436379 12.754571393560617 1.4745099155455332
5837.190248572596 11.656280129166682 1.5188005426547218
5840.71450498195 12.22222842767855 1.5083366109078507
5844.2389960327555 13.6229763827984 1.5036894244683823
5847.764286452946 11.736142238852793 1.528149661693057
5851.28982358781 12.65976538776612 1.5165456212567792
5854.815773023396 12.306865850547307 1.5458675416859782
5858.3423181475555 11.974829848389072 1.577910231560035
5861.869423573161 12.05320870410316 1.553211357575343
5865.39642697334 11.773462536022915 1.5459246383617193
5868.92423083918 11.67465093463175 1.5359555553747444
5872.452532478141 10.92795568434245 1.5403167057484062
5875.9811392093725 11.57589712258516 1.5303470241993762
5879.510296650119 9.669731170728909 1.576934899169514
5883.039839305932 9.26229796482509 1.5929816180148186
5886.569858206959 9.712138834154707 1.5791501093412768
5890.100320651754 10.79012683806696 1.5472702361966093
5893.6312136648085 10.278226011051656 1.570378239443275
5897.162521984974 9.084265012005911 1.6127611364747552
5900.694142884491 9.383280044691496 1.6332557501098446
5904.22613614502 9.295213918035245 1.6555676683632725
5907.759091475396 11.813825776156447 1.585009747481111
5911.2921401842295 10.368019348087968 1.604147808867317
5914.825681998774 10.332313062743122 1.6347309865744308
5918.3591257367225 10.912259960181848 1.637012663835759
5921.893962861804 9.515478943135056 1.6516207964412513
5925.428090768401 11.00066453221278 1.6337747501338804
5928.964130291092 9.336028088018624 1.6619771591362078
5932.499629150913 12.088727276855504 1.5870020739770847
5936.035611192238 9.664763254349717 1.6525031556033818
5939.57207527511 13.1482464225387 1.4915163834304856
5943.109009631917 10.442983214903409 1.6619352014064368
5946.646315859894 10.483185445917298 1.6571200114317435
5950.184629848569 10.526010161635098 1.6915508760734623
5953.722531728359 10.478806532070244 1.6441479538640842
5957.261191115109 11.481838264237043 1.6126217096662236
5960.80027927708 11.204451604755269 1.5990513576199188
5964.339592471799 12.652113888018476 1.581807559957991
5967.8796379676205 12.126726700533203 1.5952944145019534
5971.41964450672 10.462543518165287 1.6585230176129404
5974.960743990677 12.741121709621524 1.5862619893293926
5978.501881387331 10.563249329723348 1.6335503878734312
5982.043421574052 11.45393711499797 1.6181313249366154
5985.585356152089 11.70774397194339 1.636796599437807
5989.127757956057 11.387776663812549 1.6381406375940801
5992.670643123212 12.730749681004683 1.5930236138264136
5996.213942221355 11.632897753166661 1.6252944290392555
5999.757481287415 12.170778179516203 1.600861588286211
6003.301443035385 11.0504941317511 1.651394392429888
6006.846028083877 10.56898828483449 1.673049026119526
6010.39096988108 11.912270087357982 1.6227641129191528
6013.936385542119 11.135127781230526 1.7090880536639765
6017.481558292051 11.48896942712418 1.690330497885305
6021.027980047485 11.429877745418066 1.6509229324732466
6024.574455049428 10.142879530279522 1.6949622667272504
6028.1214257489055 11.950578991788358 1.6451103063677288
6031.668747318184 12.964308358857096 1.5944669113178391
6035.216515841725 11.994911929543875 1.601533666709291
6038.764559275117 11.790581529696258 1.6233389443994828
6042.313046097082 12.937081679476098 1.6105873152903112
6045.862153314899 12.72669377533342 1.6130546783026232
6049.411871701326 9.844894203676212 1.644765468099431
6052.961121166956 12.39916001892826 1.6187239808617269
6056.508264807925 13.013988144142326 0.7997452350318154
6056.512927946604 11.505273527831536 0.7789291529743191
6060.0617026427635 13.37417291046809 1.6124557349564606
6063.6119231869425 13.055385099740809 1.5707772628313825
6067.16390692446 12.152953971506763 1.6414229306774644
6070.715728357606 13.141574671457906 1.6057429418396727
6074.267604943406 12.461582899022432 1.6507360820305457
6077.820258597296 11.84520939628906 1.6513643477417486
6081.373121938358 11.455495380302985 1.67781714686457
6084.926433837068 11.845253093902107 1.6880836254762401
6088.4800794872335 11.295147589202104 1.702332188146232
6092.034236928802 12.810883047996866 1.672149131553026
6095.5887364147775 11.869566321336555 1.689776269262628
6099.143458991576 13.172659414280115 1.6460649812698451
6102.698766630219 12.970290063949154 1.6662438387170708
6106.254206379226 12.771446317663765 1.6830560951817886
6109.810383573872 12.029678379390594 1.6924437311748823
6113.366786122969 11.205283966035887 1.7141764192041231
6116.92358956528 13.470934275027268 1.6500797121680526
6120.480747454446 12.148604242282959 1.6817942637842362
6124.03850469833 13.660055665776108 1.6962133375373893
6127.5961661579495 13.547712734895102 1.6741767527126064
6131.154456574502 13.45399407494444 1.6859192349710055
6134.713177248261 12.923375245313773 1.6991005485748574
6138.272012512163 13.764415699380212 1.6755640523100466
6141.831773523233 12.355239881016674 1.702749163058198
6145.3915186126505 13.813972559197564 1.643622893271697
6148.951795777641 11.691123621296818 1.724142895671642
6152.512275535742 12.674587129891805 1.686826593134111
6156.073287490026 13.989714567837241 1.6976341590279764
6159.634736343173 12.71532207464079 1.6845873057483733
6163.196279079439 12.887218985564619 1.7113797582128727
6166.758443743609 13.133119857872197 1.727970937555956
6170.3208304707005 12.832805830584405 1.7333304747409966
6173.884139759897 11.036482438006686 1.78323152750433
6177.447284805426 12.385200956542578 1.749523140842612
6181.010462944737 11.904206200540019 1.7175901464363856
6184.574416432781 13.73715386896205 1.6802307644622931
6188.138725937434 12.698993333190545 1.7002485633660447
6191.7034227976055 14.252570866506847 1.6381070900555674
6195.2684323860185 12.434250769771827 1.7144937237095121
6198.833648453763 12.890946782438235 1.7212259881897647
6202.399767701953 12.732175895334477 1.6904431547757794
6205.9658650214415 13.098278503032821 1.6807575103052026
6209.53313151728 12.823346271359572 1.7339443963897003
6213.099288936788 11.625144139267078 1.7511304990161718
6216.666532449812 13.385139814462278 1.7068766019499275
6220.234102689948 12.927707221476496 1.7226661962734706
6223.802049521771 12.241158127913337 1.7293941637893449
6227.370378228871 13.357011453488466 1.7264948964662203
6230.93913361912 13.174462724520014 1.7073194909098086
6234.508162183099 13.406024723530143 1.700628719054785
6238.0773746783725 13.14462103683528 1.7267678576615466
6241.647330888101 11.562302318461029 1.7507905147595377
6245.21741830799 11.895977314725101 1.7632671491063567
6248.787929198271 11.914295402089065 1.7804378469168383
6252.358788777863 13.121431283048187 1.7312663899906653
6255.929831734305 13.062559772523873 1.794054041190938
6259.501550885008 13.51573574132217 1.7176859830269693
6263.073399793357 13.219915750445567 1.7174511295392982
6266.645641956564 11.364889195020242 1.7701045904949944
6270.2182271947395 11.478812889722958 1.7730016150238346
6273.791237109302 12.956390458028794 1.718169107490025
6277.364629256705 11.919232433052054 1.7663082254417184
6280.938169659187 13.255738576689138 1.7412021537245475
6284.512517215476 13.7401655936013 1.7386811319688589
6288.086447566945 12.35160712633208 1.7583756283770269
6291.661560597756 14.40240364330377 1.6739586649592475
6295.236502794449 14.500207995035655 1.5835898848693073
6298.811934747704 12.713485914668041 1.5700551829678808
6302.387617176374 15.122831118699274 1.506443087543233
6305.963930335881 13.725937351887533 1.528623176758478
6309.540252401989 13.14231134477577 1.5836208302560522
6313.117121469228 12.809739120021062 1.682282212748988
6316.694274412056 12.691957360152555 1.7409044010943853
6320.271197534082 12.904720416831415 1.7557130362912272
6323.850405170985 13.945299474818308 1.7120261347937693
6327.427702266834 12.661250824573285 1.755215584085244
6331.006284331877 13.10802804453796 1.7078942750622856
6334.585213299706 12.37263563334271 1.7551215176874402
6338.164353209997 13.442651741530598 1.7256775589452997
6341.743980005523 11.975002249654365 1.7643276725254788
6345.324021467414 13.671356760127958 1.7347173529949151
6348.904136508724 12.372883801344138 1.7528594521014431
6352.484468723735 11.930641712162995 1.7625934582764509
6356.0655685407355 12.462239453591918 1.7168251775902106
6359.646772569753 12.810758431966617 1.6708482654158774
6363.228335354583 11.649060614134207 1.6815399373138846
6366.810222044941 13.318487217294528 1.6517016119714532
6370.3925481483875 12.306357070322294 1.6775209205080432
6373.97464555483 12.11066141245375 1.7261845068165977
6377.55805447025 13.926365939971745 1.6842760569595963
6381.141355450666 12.694499506363666 1.73374934174939
6384.7234744550715 13.655445607370003 1.6600744403596956
6388.308836834165 14.138556835249602 1.6775303132732788
6391.89294297709 13.456972358678104 1.7170042837719028
6395.4776408967155 12.104347408116684 1.7433135320432775
6399.062563389401 13.95086084424912 1.6952840978351547
6402.647982856135 14.196301967565367 1.7120052999502038
6406.233421593136 12.713568076590532 1.7441734674360856
6409.819330054883 13.686269068355326 1.7407512021311156
6413.405552672078 14.653373583478778 1.6936765293598977
6416.992381884038 13.909367380724301 1.6905660867574046
6420.578969428836 13.044801199775348 1.752126698942811
6424.166300973848 13.629178456761588 1.7223513257772933
6427.754098226027 13.768797064663213 1.7236269150027594
6431.3415384303025 13.751359271805663 1.7069183037759417
6434.929769218876 13.622795283282437 1.7169569764742167
6438.517616985861 15.030727202689114 1.6417469987867555
6442.10713036005 13.579659524479 1.7243765565391922
6445.696282493291 15.136466149761212 1.6695197761911063
6449.285874269574 12.766651649246128 1.7399645194486861
6452.875549880336 13.781954326289757 1.740633344822161
6456.465390741123 13.645946315434 1.7439208185091633
6460.0561754292885 13.336150539422633 1.7460759743709586
6463.64690748251 12.415485147822546 1.75263767482068
6467.237815355901 12.572431753740988 1.7659079778088136
6470.829428511408 12.876989971253671 1.7649039737480594
6474.421338799092 11.704317972617797 1.8048342982908179
6478.013147526702 13.65885362557854 1.762000817747869
6481.60522627939 12.690986627797063 1.814966263292448
6485.198301663451 11.804364363979506 1.8147808786962103
6488.791279597247 13.212929760921655 1.8000917896167286
6492.384557627942 12.735352839428089 1.8174197326988248
6495.978177360429 12.698478920668887 1.8013663283147243
6499.572095119828 13.523099834144828 1.7708516355200654
6503.166374621307 13.286050107884604 1.7622660249375095
6506.76095065585 13.313413126407196 1.7470522343140962
6510.355128122598 13.809629437958261 1.7153814183059055
6513.951085706953 13.446479593681355 1.7557845639836709
6517.546551205699 13.708640079732925 1.7562379501335437
6521.142325389415 13.057138352251675 1.798610057194471
6524.738625660447 12.195730283318 1.8289402129774455
6528.334981891594 10.97804087463837 1.8283635724039622
6531.9317814837705 11.348893588651451 1.784445489946966
6535.528850753674 12.854975914961571 1.7644859727761726
6539.1262051881395 13.368506438096116 1.7735362317229402
6542.723892852673 11.870172519755366 1.8248944592055523
6546.32194384483 13.370357528899246 1.7667699327029796
6549.920298067373 14.229549518155565 1.7729725916935322
6553.518860055439 13.106420896822847 1.7996073041880807
6557.117692877861 13.462527950638044 1.8454750248206373
6560.717045484369 11.033830389947806 1.9594296851303021
6564.316626456274 12.360532706159708 1.9911883250515117
6567.916339909928 13.656449399460383 1.9057634662085268
6571.5165809033815 13.322164019051511 1.8818045598055664
6575.117291881506 12.902233628178395 1.8876111469591392
6578.717341676324 13.629525283296546 1.8315051003717004
6582.3185862867185 12.243202698355955 1.84648582258373
6585.919693864065 13.883413622888103 1.8045703528583683
6589.52189749723 12.227119628187614 1.8600393966833575
6593.123411193588 13.226608056008242 1.818616424648328
6596.726072646322 12.687497166323093 1.833548580352887
6600.328766694654 11.847673746120543 1.837140000218118
6603.931606169012 13.023251117563795 1.8242718541527323
6607.5348086615795 13.197297772904125 1.8130934964818686
6611.1383402378815 13.736143963933142 1.7943023597196026
6614.742743532621 12.569635076044584 1.8535538672862972
6618.346215727128 14.175984706084174 1.767833591732905
6621.95041261619 14.328466548305101 1.8036907194028617
6625.555215729123 12.550531644798763 1.8417898699329185
6629.160219141013 13.583978929626753 1.8111047379317442
6632.765174046091 12.791452519405754 1.7669328341341082
6636.371092215692 12.669980323433032 1.8485059575785656
6639.976984622991 12.59269360154192 1.8685551946554861
6643.58309593857 10.97357734976179 1.9012318244253044
6647.189559978371 12.165820374070101 1.8731686040391853
6650.796277901312 13.241402643174911 1.8353599657665194
6654.403375285789 12.72158241293212 1.840624658559903
6658.010727457097 11.828533049025284 1.855506903010698
6661.6182360319 11.766210452673374 1.8915145059207705
6665.2263425865585 12.49970954113958 1.8980647419792205
6668.834607194521 13.06507810297784 1.8645452572604935
6672.443013908203 11.760550193382928 1.9256339833915193
6676.051767484601 12.504835922507075 1.8993127973988766
6679.6610295519 12.405257621211287 1.8967889835321863
6683.270447664377 13.967549597933285 1.8575904621580956
6686.882069459788 18.96289441348959 0.8154811635143916
6690.4902901800815 27.037628036868405 1.5186317296142422
6694.100476078658 26.54592938141652 1.528901832902006
6697.711269544185 24.528843105304144 1.56601900584455
6701.321626133644 19.288173979688022 1.7293061106001129
6704.93310596058 15.575203827974542 1.8128809826853425
6708.544653219821 14.734195736830857 1.8424581398932787
6712.156255154495 14.198517272046416 1.8498231335168067
6715.768217168944 11.572960094314945 1.9511747298542104
6719.380657823928 13.52831606813829 1.8862105954223634
6722.993193525331 12.00817069672459 1.9097704845548795
6726.606066841768 11.002482359108397 1.9676770099215306
6730.219367412563 12.23483796165485 1.9267145838514455
6733.83273221079 11.425440895988459 1.9465011948341429
6737.4465452374725 10.205622808759609 1.988086034025689
6741.06068465698 11.993074718936306 1.9357130698405403
6744.674725488911 12.038015300478406 1.958359371419715
6748.290309650694 11.124894580256449 1.954985006985843
6751.90445019672 11.771949313231035 1.943241640206653
6755.519638845795 11.445504132807525 1.982367146616988
6759.135093262957 11.16849135087862 1.9790876803097155
6762.750884065414 12.415776073350091 1.923771546934895
6766.366764785477 11.272083401558149 1.9906688211205419
6769.983228430331 10.49268728919796 2.026818578078734
6773.600364817957 10.606522820047221 2.010401758026897
6777.216743465174 9.808755163511835 2.0288262729488564
6780.834026536011 10.989203127053715 1.988271404031014
6784.4515283382825 12.960813717496361 1.9242658375285753
6788.069188941628 10.767261104404247 1.976450153220154
6791.687078958235 10.339669429070309 1.9881902911525102
6795.305551168323 10.657068901880667 1.9918675851151462
6798.924020655572 10.370773810202754 1.9908582959638144
6802.54264492405 10.5749593035093 2.0060775171122667
6806.162264689963 10.804769600360972 2.01330634625661
6809.781525765543 10.880630782188687 1.9704557620538774
6813.401155761538 10.68659237470927 2.009752848385396
6817.0213124041875 9.726350827693407 2.039380094534939
6820.641619518637 11.015487738282335 1.9687191356479041
6824.262049288807 10.551800291503369 1.9575737929188437
6827.882898611937 10.2570424647583 1.9403994104482432
6831.5039943863 10.090978464195906 1.9190666017440547
6835.125367608048 10.19724613284047 1.8997502133563455
6838.747059512579 11.08526507902142 1.9334882126489978
6842.368957827339 11.336515985786422 1.9207002412427296
6845.991131253626 12.28351830863647 1.9126747633167291
6849.613001853389 10.971882934899568 1.9687798724941228
6853.236505472881 11.990175981450168 1.9510479887594525
6856.859578934495 11.329058442701367 1.9542551159435042
6860.482995132909 12.724852535014088 1.8774794444918277
6864.106646654494 11.438390958213258 1.977125692059451
6867.730399006874 9.3313239731628 2.1431845191013537
6871.354647960042 9.274652755332061 2.2313913471869764
6874.978379569227 8.201489148297796 2.4300553735717934
6878.603789773255 7.913350609359065 2.452785099883488
6882.228775812234 8.762710325783994 2.307486375718288
6885.853614714091 9.520221261410041 2.2354519746031216
6889.4794936431435 8.855526107728064 2.1905787511648187
6893.105400618021 8.980308710953366 2.227385272392056
6896.731346982023 8.22800649153384 2.2485613523429677
6900.357876511707 7.797133721339099 2.2524572218129064
6903.983872865107 8.171795433348056 2.260946923420666
6907.611160403942 7.822381976948729 2.226269769999588
6911.2384185410465 9.333736675199447 2.1248261808256923
6914.865907936269 9.89358412604228 2.117328440504388
6918.493786408754 9.344159671841313 2.072086008321252
6922.121763367906 8.31837819527706 2.125874267401651
6925.750866183021 8.38490231584028 2.071445481666881
6929.378527209667 8.829562184916888 2.12356756842048
6933.007454329686 8.677329113227612 2.128330952728721
6936.63650737525 9.157309648230282 2.1265455270910927
6940.266314018747 8.203243919063985 2.1842792354115983
6943.89544572807 7.747887729678279 2.163927181927388
6947.525380118502 10.150096888543882 2.083184679547229
6951.155599232944 8.129463139303668 2.1314277715831227
6954.786745446825 8.424999082103069 2.093869802710126
6958.416863850817 9.767392837604088 2.072369166523477
6962.047833388151 8.291803054484998 2.0879879863098583
6965.679139169487 8.88438440317242 2.070843572434208
6969.31062010859 10.34363371632193 2.0018916019556507
6972.942909679028 9.550874992576667 2.031464456270723
6976.574474415517 8.984551609328044 2.0315012464508357
6980.206980541971 8.992425998297664 2.073220023292738
6983.8394434795055 8.221489978872725 2.101712353205666
6987.472428069202 8.141362399427504 2.1306531518725413
6991.105502996257 8.36733118704266 2.1176609748615185
6994.738468996917 8.454602330588415 2.184193517617517
6998.372636310254 9.321578695480444 2.097003761361505
7002.006660424272 9.058557551262464 2.1520311861902024
7005.640879175902 8.905802996457544 2.1708248160406143
7009.275434784389 9.382075519679253 2.144471471188618
7012.910090287079 8.472169645484007 2.1905523399469238
7016.545156707239 9.411580665450908 2.1832269288953263
7020.180517473623 9.711047625662518 2.150015073192727
7023.815559501979 9.061323593788236 2.206088612065375
7027.451970481849 8.219872710084296 2.2280999550612255
7031.088091183035 8.4970990887007 2.205487727154691
7034.724452834755 8.986674006740339 2.188913913543425
7038.3604925234395 8.790315286514987 2.2269435866942193
7041.998058661163 8.839423974868671 2.164552505702983
7045.634435840129 9.81952768195228 2.123377929662208
7049.272720920951 8.37796999889574 2.171805491610913
7052.910397780535 10.03991015338405 2.0263536562385567
7056.548345875759 8.31951341158887 2.192799287338202
7060.185949300426 8.497953122805649 2.2292905409083663
7063.825061641712 9.575837486787373 2.1839939783312214
7067.4635461081925 10.043825583957084 2.1818398100546834
7071.102931272253 8.587361092146018 2.205672799250414
7074.741495307424 9.081329565441779 2.0974849996016243
7078.381880536079 9.722079930642373 2.143577264485984
7082.0220161154475 9.039826948514197 2.1701640302753114
7085.661826672354 9.37838328396095 2.1272391372788015
7089.302170958301 9.38045635270384 2.1537692680079843
7092.942827667208 9.261828390347192 2.1818823561667458
7096.583737669976 9.758120477440073 2.1646581272734218
7100.2250268795 9.49323665621472 2.180746281960945
7103.865853553223 9.376025283137935 2.182672213419299
7107.5081048187485 8.986871110647007 2.227976663539368
7111.150914298088 9.919997213445583 2.186825527946354
7114.792305008923 8.244304090935719 2.2446655318248276
7118.434885962024 8.992365724871673 2.2394994660694127
7122.077514361977 9.383085768182804 2.2393289553040217
7125.719804545728 10.64954395497958 2.1348664147928478
7129.363874950859 9.430492510357611 2.1998672412746414
7133.00742921284 9.654768520679733 2.1647714730745418
7136.651278206812 9.148056620387264 2.2338534732909188
7140.295421104238 9.572306359402008 2.181313620783517
7143.939849767549 9.771888885146353 2.1784461918557834
7147.584400456061 9.981093062081133 2.1883859367902843
7151.229090265999 10.432585067967832 2.2125678362102694
7154.874479320222 9.142858547512473 2.248594700416687
7158.519924617383 9.210193754470616 2.302165248245786
7162.165524582874 9.756417308061097 2.291516598787873
7165.8115900904895 8.562597053144785 2.396891262875107
7169.457856111689 8.832419483235125 2.5029255088083286
7173.104328319903 9.249718478016124 2.511751579285184
7176.751007450774 8.246953182229834 2.6711563757555594
7180.397721363137 8.763762101731546 2.725380548549691
7184.045563460566 8.991053966346186 2.7077348868507753
7187.691321922368 8.2722623649077 2.627378051992771
7191.340735328732 9.186851805279877 2.6939693347458
7194.988533335633 8.818337360267755 2.7219375889139763
7198.637088895711 8.427130561697224 2.752807898684072
7202.2856399440425 8.51174206309075 2.715652702668994
7205.93454237621 8.048585760918304 2.7042125013941987
7209.583378973979 8.161044173908996 2.598649872767996
7213.2330966015825 9.662440289319928 2.490657094256085
7216.882171263116 10.545248501563986 2.360461986781852
7220.532508628219 9.181270485233794 2.414164334610687
7224.182890239109 9.850409496545062 2.4007193362319863
7227.833264354342 9.837199788830473 2.3912192411201825
7231.4840002869705 8.478737845389078 2.5272522920213634
7235.135035113084 8.874048870363566 2.467815915912072
7238.786172349567 8.704782327258801 2.4122772340066363
7242.4377693296565 8.946420512223495 2.3751776582090316
7246.089461049819 7.881629807589581 2.3659085098192127
7249.741490380376 8.429966668418553 2.373629334778265
7253.393859145294 9.357755573846994 2.399244966011175
7257.046373326198 9.729585734225253 2.4881720245403303
7260.699252461265 8.327635073734646 2.5917490161807875
7264.352343740812 9.872759081825295 2.4857866781212503
7268.006212343238 9.2008697506221 2.5257485997450897
7271.658317420742 8.7871359454333 2.397276652304196
7275.313190795642 10.045301077074878 2.3027424104567933
7278.967282084553 9.28893063984048 2.284938760180155
7282.621847417259 10.268004201149516 2.1895840406788705
7286.276407558695 8.643723442769497 2.3551300052861084
7289.931476573663 8.167833955418955 2.435297751502845
7293.5866091341995 8.096465774763448 2.512971247370669
7297.242078379484 8.913091502117208 2.505750239670971
7300.897709653738 8.41559132889525 2.5325528377584408
7304.553842360189 9.361189665998424 2.432011352522264
7308.210137871114 8.935789674164228 2.4259461135282603
7311.866649211615 9.19957531529144 2.3643579187804717
7315.523434992251 10.13196213620951 2.2629293789613683
7319.180443837908 8.94711246644357 2.298666374976999
7322.837716782236 10.426021323415497 2.1949072734561126
7326.495519118679 9.629237312229453 2.1969809872639012
7330.153303196551 8.907494816664217 2.311068847321203
7333.811358072463 9.868090083860574 2.1799928433449844
7337.4698975918345 9.107675929698848 2.1639424260578743
7341.128537116948 10.289793036036572 2.0890559861947366
7344.787530163851 8.824063572876765 2.1422291605381307
7348.4474602750615 9.90361749273723 2.1237405211320755
7352.1061176165595 10.335864530115186 2.1873947798252322
7355.765867625437 9.826535984058689 2.2757379738777237
7359.425833539826 10.673646476002629 2.2236459288250643
7363.086247376484 9.558303760152151 2.2566353542650317
7366.746546473731 8.723829940475605 2.218874734971739
7370.407355881022 9.189014664881718 2.249632363178539
7374.068430133698 9.104494595360352 2.2274829756491323
7377.730771305993 10.882622670738153 2.145413909912884
7381.3913328201115 9.980865046375893 2.2588583566868237
7385.053233236248 9.96284244479049 2.312131749842426
7388.715329552558 9.400398619235473 2.2942738275723964
7392.377527176692 10.551336171275324 2.275173493492834
7396.040420474168 10.562329078088567 2.177841347637065
7399.703291468971 10.07672122643957 2.176925126800952
7403.366539781577 9.603351337317438 2.1908843118368
7407.029896191813 9.732607912557574 2.2284649922719826
7410.693681863723 9.536453391408438 2.2786301501149895
7414.3578044868245 9.972125503530963 2.294243020551618
7418.021749802329 8.668296687363073 2.4107570172203245
7421.686472485903 10.241170196297212 2.2633428723885056
7425.351293697107 10.609579313324575 2.2531337213804594
7429.016185297157 10.132242553280411 2.25594703665199
7432.681553333195 11.053286162681475 2.2052485369630137
7436.347402611734 10.079930641364436 2.1856508509821118
7440.013162414954 9.985682066547644 2.1863368246782886
7443.67898997827 9.19585060041323 2.296069977412483
7447.345769632439 10.607914982071339 2.244267974620867
7451.012526654455 10.274680855281574 2.2799993269971006
7454.679427694953 10.411958264329217 2.2838760002257334
7458.346631980473 9.710326698279102 2.319492412897685
7462.013527903429 9.461187966922985 2.3670239269950506
7465.681957955656 9.173348649244899 2.350636777646283
7469.349868267499 10.543115094734516 2.2934851047942733
7473.018243269024 10.0446055832682 2.307883934359662
7476.686804264341 10.273271252356116 2.276695472104211
7480.355784105801 10.472365618517186 2.250003726128971
7484.0258235350775 9.17587820075818 2.3791534113631667
7487.694216317821 10.349862810477312 2.2775180275618365
7491.363801044029 8.627427472639864 2.380113993651382
7495.033823480167 10.331016442354006 2.3448862378097437
7498.704003534562 10.400879382272342 2.3112259259945063
7502.3747955027275 9.767487068681353 2.392398657091508
7506.045226571377 9.354401522697268 2.4013733614830644
7509.716249421578 9.28277097137026 2.382056600542212
7513.388030369948 10.441249680428657 2.2181826055572538
7517.059076158799 9.70761687333195 2.3248400140085344
7520.730997014425 9.920283407849015 2.233803208378781
7524.40307556385 8.846085650749819 2.280060257584692
7528.0752552545755 9.700585897461062 2.2588473578512747
7531.748096537066 8.386862793713867 2.326013881150029
7535.420558181671 9.317976889282818 2.3466929888921815
7539.094291949506 10.127491494510242 2.3251366894386383
7542.767581063067 10.110658059738308 2.397439273174082
7546.441506466051 8.900066784780435 2.4913270604172943
7550.115818523742 8.68766949489489 2.521369225745888
7553.789361067352 9.626348835236191 2.4906680054789327
7557.4643314920695 9.687196027540988 2.4789685331274014
7561.139222458156 9.920469842932789 2.4397701625106385
7564.814366319031 9.818672273736057 2.373241087252837
7568.4897097312 9.70647338965715 2.363099741405363
7572.16532681447 8.006002777740518 2.4173228424340945
7575.841436962426 8.709122531576652 2.370798570249534
7579.51762826865 9.347290314734302 2.3259702401680897
7583.1942356090785 9.372808465664624 2.373621965268244
7586.870858129619 8.616950043280172 2.5329742564572917
7590.548083550044 8.672377436283853 2.6507905006823105
7594.225311986636 6.41864376110173 3.1487726962733764
7597.903591313863 6.43039341265636 3.443076898373339
7601.581030993223 4.806576336574781 4.706087311261021
7605.259481217267 3.4261451799818246 5.646074527883621
7608.937549821404 3.555767676270985 5.601505490019535
7612.616228390565 4.313268177673725 4.81396678009029
7616.295658695293 4.987040890797887 4.302830521122231
7619.97451375005 6.557721528181141 3.7614559942086463
7623.654871038858 5.4518552333131325 3.728571268648086
7627.333945029993 5.959312388722432 3.7462241254922795
7631.014242798847 5.470092231716658 3.958202927464888
7634.694555813885 5.466352889058688 4.04669555731461
7638.375197943481 6.213643191379659 3.8823809444785855
7642.056365005152 5.569741377210311 3.866634076739568
7645.73749830907 7.420341324631684 3.4589954195582306
7649.4189732441255 6.326431501914944 3.3979111757429905
7653.100915793486 7.682919359639107 3.194180971632239
7656.783064610808 7.157299567567858 3.129893123246728
7660.465180130059 6.9337797032392565 2.994736315431091
7664.148083383798 7.6226694451242 2.8653294479649154
7667.830596568447 7.542152875702472 2.868429065670164
7671.514254048576 8.488453640339587 2.674618965489741
7675.197817717693 7.979341294612691 2.6552603743029977
7678.881603159869 8.19027236621897 2.6400280122320736
7682.5650031234845 9.62213087897942 2.445510983048027
7686.2499551764095 7.872444894741933 2.624012257792159
7689.934748155818 9.249843228390052 2.4878096961593386
7693.619543911852 9.826329282773774 2.4388831568066762
7697.304936101604 8.203570652958728 2.5521865327677076
7700.990391958548 9.308142871944913 2.447901649135978
7704.6755063346745 8.830488827087898 2.405633046969302
7708.362462560572 9.757474022702853 2.2113686296061
7712.048789675979 8.872860326269167 2.157466418907738
7715.735391088183 8.735652852099555 2.1639805986123624
7719.422281628732 9.398452788234193 2.136984412058158
7723.10959519971 7.824548952360491 2.1767149068887677
7726.797245352599 9.049624023686313 2.3205810408488854
7730.484602726276 8.722830438294865 2.4081930976640016
7734.1731810380215 9.200154682713489 2.3978947647594175
7737.86064564852 8.02333245259467 2.464386872843921
7741.550227872756 7.952287478758277 2.4461133014473364
7745.2392751256275 9.08047755160896 2.2415857070371503
7748.92858699006 8.914151566212205 2.228425084366661
7752.618118511427 9.031199779346537 2.1803841653690035
7756.307932371735 8.286959787035721 2.138984576399634
7759.998422492719 8.325347996919607 2.27303064312514
7763.6885270569555 7.745827701530028 2.4011597500055997
7767.379224258289 7.792800647170671 2.416592718827058
7771.070348058465 9.274627870526697 2.336000246609839
7774.761926830731 8.289630307158008 2.515279728103691
7778.453310927838 9.148348738235903 2.3548152892913716
7782.14513439319 7.95865281485185 2.4266560966609068
7785.838156679317 9.436290128273644 2.344787474170599
7789.52983057865 8.761095021642191 2.2550294493169094
7793.223226322124 8.629644147987104 2.269227415926471
7796.915457537431 9.554345202504768 2.2844776170777257
7800.609195502124 8.760645245136999 2.228508181442515
7804.302715533658 8.180037685269154 2.3606838795849403
7807.996841156189 8.49739292915756 2.4077383952956515
7811.690261575175 7.682084252267411 2.3366156156765787
7815.385834441339 8.91449677327844 2.212129813958452
7819.080640645202 8.221578157978435 2.1925634153391744
7822.776491450862 8.352100054430664 2.298356233722734
7826.471329246707 6.995906631991178 2.2775659365952423
7830.16708670162 8.600487752739184 2.325759157745594
7833.863812732359 7.4698960221670125 2.571860997918334
7837.559679954501 7.088919624054831 2.601719704008368
7841.255552469603 8.615382885966826 2.4416216305760363
7844.95290870612 9.214482102541036 2.3689249915453883
7848.650478258508 7.783886533010102 2.284077109345365
7852.348016187461 9.41778880459261 2.159934276435077
7856.045940651137 9.844188293398688 2.0627350672539797
7859.744108800227 8.382594635649323 2.1251357091373047
7863.442570358214 7.576525697046826 2.2271008756369794
7867.1414112159855 8.019988234667222 2.306616564969108
7870.841044794726 9.64841272156026 2.242602962373286
7874.539900620799 8.786796899441104 2.312610939309336
7878.239672171187 9.674060531852515 2.215864243572044
7881.939728642946 8.91015484358228 2.306352651467716
7885.639989845558 8.739950314259332 2.2504192637331477
7889.340726078033 9.388194245560179 2.2559553245519965
7893.041664543558 9.924478794572426 2.3264365066851203
7896.742847222946 8.791682010429504 2.373357779676609
7900.444414550428 8.466283404227818 2.512392645071964
7904.146267887157 8.068280804203974 2.5178476193357437
7907.848396692786 8.069113243779476 2.33578357339421
7911.550617984491 8.093908704475806 2.220607118995578
7915.254625343761 8.870047640288105 2.14085486525752
7918.956899793494 8.105877867091895 2.1313966522665893
7922.660220892737 8.637683047666712 2.159994840834773
7926.363957005234 8.29495297155209 2.32180709020496
7930.067945818491 8.851577993909965 2.319405493700972
7933.772304223672 7.135719716502358 2.5525545060070653
7937.47701501267 8.699730324361173 2.4419746573873806
7941.1821529414 9.18585713887042 2.4003810506335346
7944.887169247337 9.032579104537696 2.430505391922817
7948.592901059347 9.105641602000457 2.3747019403705214
7952.299026804685 8.2599477357271 2.4734563803332437
7956.00498004302 8.153257467019266 2.465400001759189
7959.711767054928 7.8277138439897325 2.344410866599295
7963.418552225797 9.571360243641498 2.2752955671489166
7967.125705029075 8.022517942325305 2.304095269926584
7970.833158391737 8.534083149422917 2.231847824183234
7974.54085581815 9.458539433209149 2.235270715354359
7978.249307786747 9.201557235397571 2.344427647981696
7981.9577071167 8.594756208157893 2.4069950275041156
7985.666465837893 8.728339147563245 2.3042900251853227
7989.375576880529 8.443570692473227 2.2127151137666603
7993.084771719272 8.593428723130799 2.2516948357867816
7996.7945121135135 9.301115458381199 2.2471848468329103
8000.5048964985 8.810604657687689 2.231850914270136
8004.215215289249 8.534877783631066 2.4292438046691025
8007.925952096378 8.373974373876663 2.50001225258299
8011.636963847578 9.259925405941525 2.450049894074641
8015.348047316973 8.107852272040322 2.483950759547498
8019.059240644194 7.213499724771553 2.412544451080613
8022.772109387234 7.458315136152135 2.325752173242498
8026.484332225822 7.476363624784829 2.3883138358313607
8030.197102630859 8.554156271787459 2.313611540465933
8033.910537028456 8.08205200293796 2.368632239677397
8037.623349034745 8.207211119413511 2.502764230890661
8041.337950994984 7.603984844383426 2.596224250226158
8045.050974089239 8.993966606995325 2.5017824304034137
8048.765284078367 9.7322208756209 2.4091988734811647
8052.479930478545 7.180447785502854 2.610269833724479
8056.194896404929 7.391716349449621 2.510113008169793
8059.910246953334 7.477411590870111 2.409613703839155
8063.626029624099 6.811819351804861 2.5049480732803047
8067.34162681218 8.083141841559357 2.413054809560597
8071.058090069594 6.877651124704831 2.540204794715661
8074.774788666843 8.010079548737993 2.507732809017713
8078.492415189421 7.808984648053857 2.5242942324883852
8082.209744589586 7.776870669146491 2.530709580641611
8085.926680852948 7.459421342752445 2.585267573160346
8089.64465544657 8.085867455903994 2.528767065718306
8093.3629338285955 8.349146547451044 2.510642242749656
8097.081652076952 8.666640571944413 2.455980937303437
8100.800363852859 6.919498635195123 2.5751698562538294
8104.519893425319 7.9716966205583475 2.4900463319119437
8108.239534145335 5.915699263186872 2.678770776200062
8111.959433136639 6.967105375721405 2.635109345334075
8115.679938046866 7.6937280940349355 2.5814587925829824
8119.40047349854 8.995071647908876 2.545865921375362
8123.1213452758375 7.918411681586633 2.5996056586931138
8126.842942223276 7.469483560360868 2.667634339114804
8130.5647088466985 7.209240063508546 2.7452697180591565
8134.2869076105535 6.889100721268884 2.777511651809531
8138.009203501533 6.841164636341196 2.7921587218250656
8141.732186289953 6.224555117002932 2.9364322787041552
8145.454980219573 7.504165490944941 2.728046709084423
8149.178292323689 7.156360832843588 2.7839812884759687
8152.902017851901 6.338155221988031 2.8703960378906936
8156.626199392718 6.880682454790604 2.9162360814986665
8160.3504508910055 5.978253311727715 3.0722749564699563
8164.075523486188 5.947315146925706 3.008931825404607
8167.800714147018 6.057347372246807 2.9672071174463803
8171.526149693222 6.357318526749541 2.948110119683034
8175.251806410512 5.234467249981708 3.081009527635452
8178.9782098078795 6.1333262668659545 2.9532916654301244
8182.704793322598 7.500012348421678 2.7706827648646093
8186.432211667457 6.957520220760025 2.732170854493074
8190.1588631481045 5.838941043955493 2.863293394857882
8193.886738911397 7.155315455818338 2.7528454648529195
8197.6147895762 6.557446885037364 2.7882580986200023
8201.343101031895 6.904134864517724 2.721077751584365
8205.071633817353 7.173268981600927 2.8240161999533435
8208.800662649879 6.98200902952722 2.7157313048487337
8212.530265595778 8.336121445127452 2.5136693080412136
8216.259757987367 7.1425407192732315 2.60840142059671
8219.990113444623 7.425111977063821 2.6549373338359445
8223.720478146848 6.439344201498802 3.000207751483154
8227.451659895089 5.669958628708975 3.1118788619839735
8231.182584059767 5.949739711557934 3.0142858433567596
8234.914129730647 6.3068194471549495 3.00669544708215
8238.64578643654 7.2485961504095675 2.9838112738763742
8242.379516268878 6.9971734945359705 2.6215210668429387
8246.110941254785 5.936000398129173 2.68106977716567
8249.843174268774 6.173307267534499 2.577155859542081
8253.577423826498 7.999242120983385 2.495844387286596
8257.311131632403 7.429733653630304 2.5700272095271455
8261.045292208733 7.375724521349598 2.590815403591598
8264.7799074376 6.984115520974464 2.599359061434739
8268.514477025268 7.889343819181198 2.53327478543332
8272.249995601314 7.337128967758273 2.597488076667983
8275.985572156396 7.654077387533611 2.431324662248318
8279.721431795817 7.1562048320964315 2.4294828504578523
8283.457764199879 6.431659398335939 2.355943945887604
8287.194474796737 7.150422824821496 2.2618495104092657
8290.931569217375 5.861812166557219 2.2611887351110225
8294.668980248352 7.5227050985620085 2.0978362914221114
8298.406556155178 6.457338476320069 2.1408250432308833
8302.14498849484 8.005863684736925 2.189123314642572
8305.883595729716 6.501943568824673 2.263344884014155
8309.62269893203 7.889913243928552 2.29370681723689
8313.361878453 9.326521278077461 2.321225453542532
8317.10166841059 4.500303844906632 2.6485301706862754
8320.841544974748 7.80986729142559 2.4613986687154843
8324.582157030773 6.860418656818417 2.595836133306136
8328.323069873657 7.562135847804812 2.5262254133428086
8332.065289153934 7.124633531163871 2.5703926716052004
8335.805818880468 7.796845326882712 2.398305723312373
8339.547829112626 9.45548517128425 1.9884052568615345
8343.290025700926 6.290273234167597 1.9371723418186015
8347.032984390777 7.388926800115045 1.8292048194041988
8350.775928830977 7.236900142151626 1.7756975778669397
8354.519714462049 9.293809651086455 1.8496151474892177
8358.263547672586 6.807724340396515 2.2869422156409986
8362.007737017359 8.482035006893575 2.212825342910542
8365.752451313941 8.237936354526253 2.3363159462789507
8369.497434592584 9.280568838043214 2.2560221258663478
8373.243103252695 8.553240500826702 2.290827400373504
8376.988846864351 8.658365516333358 2.2280312342303255
8380.735066020012 9.763542845366752 2.222859535746559
8384.481607494585 8.53056900932317 2.2763309457808254
8388.228680539312 7.877540792784227 2.273130765608375
8391.976124883817 7.998122159360725 2.1779196444304882
8395.723978138709 9.037152469423027 1.9824873417435376
8399.471345491662 9.917208015890909 1.9394742965625027
8403.220902642848 9.12211524326022 1.9605328830839672
8406.97076509082 10.517967191900972 1.8871062951217867
8410.719136367092 9.317739812201909 2.1207467144220136
8414.46904756516 9.97955269351185 2.14475189675686
8418.21872894102 9.244665040297907 2.26580346497493
8421.969772243317 9.111746955945762 2.1562537525600876
8425.720778197541 10.926790129274263 1.8905141093001232
8429.472200536575 10.877911032909923 1.8538540495256932
8433.224144649908 10.18115937697575 1.9034373487885279
8436.976177671642 10.460395331488431 1.9116873932412692
8440.728842713286 10.448953236515635 2.1484108199388987
8444.481866492419 10.2880821095891 2.3468130618378353
8448.235290653796 11.039045643525995 2.1799116891479535
8451.989221878233 11.88782998273589 2.1813468976776536
8455.74317668044 12.188404255162016 2.093367212398706
8459.497963607382 12.629356270990503 1.9507238583712434
8463.252970117861 12.344336283680533 1.8922888394905286
8467.008640699016 12.075339462779546 2.00014353361127
8470.764327016534 12.284124172813952 1.9848326627467532
8474.520739876763 12.061372430496345 1.9968398058829857
8478.27729680021 11.629160527615628 2.234734742880096
8482.034512346616 12.57407247308918 2.2546336674340424
8485.792013354248 12.215461565004697 2.264196736286216
8489.55006043963 12.687239035171789 2.1947216294857
8493.308425834257 13.005960498516858 2.237888562259944
8497.06676575979 14.293387707182418 2.1542229852276726
8500.826319668755 14.090928849967595 2.014597145663542
8504.585899578926 12.982738026806125 2.118116684296554
8508.346019960494 13.639078580622312 2.1014411766699177
8512.106176537003 13.491580259227284 2.0931821068748584
8515.867372217082 13.587021685063656 2.179117647522588
8519.628455917124 14.436316756288289 2.1973444187515754
8523.39032686038 15.082720455876576 2.1508043579574894
8527.152404676508 14.667334910223035 2.157297278566956
8530.91498624322 14.218601937244156 2.17770522294809
8534.678044120423 13.81877175550444 2.2425729562397136
8538.441385729735 14.46807976253258 2.299492577694484
8542.205317824968 13.928284299074491 2.356715050340699
8545.970152938387 14.940697687824503 2.0881713222661764
8549.734110005593 13.392875027224072 2.3508892725435366
8553.499567600622 14.000340292543102 2.2425127344819997
8557.26516774086 13.725945996126859 2.195406667334012
8561.030945314289 14.985858053338491 2.1765163759647477
8564.797452647568 14.403342448294774 2.24666156477689
8568.564317807819 13.515970977209456 2.2561740654116926
8572.331701677385 15.540705169657896 2.1404272237612427
8576.099273917003 13.948230267590878 2.2061499609756603
8579.8679789911 14.343455646818658 2.226939719296384
8583.63625146006 13.775198743802987 2.2019217592317895
8587.405183552186 14.615826013231977 2.1575963791817974
8591.174721357853 15.084805034376467 2.1546749359512813
8594.944746692543 13.487607832413321 2.236292783892933
8598.715945320731 14.395032980210352 2.059971015090656
8602.485925258938 15.38795878003753 2.1019729341213953
8606.257238115564 17.16294721979098 2.0602464595999583
8610.029020569764 13.872276344765838 2.216949777722365
8613.801134204576 15.297043463443618 2.0981889276259897
8617.573781433532 15.655296314509217 2.0231702845955843
8621.346919763777 15.905736556560027 1.9431475041028832
8625.12042056944 15.576480681396646 1.8211900117460897
8628.89528476693 16.858712968670062 1.7553759810166032
8632.669724308344 15.704864411988703 1.7443202499036359
8636.443579729312 15.297800791787166 1.78574302197646
8640.218783069608 17.35690477902986 1.775718458033834
8643.994666313121 16.279462705584557 1.8604031194095003
8647.770872686215 18.13805688025165 1.800550723891395
8651.547430788154 18.170862150843735 1.7779770681860807
8655.324681341392 16.909640658398303 1.7898449480428298
8659.103166786648 16.123726248779867 1.8018638297600562
8662.880199492276 17.475711201519204 1.764282943543821
8666.658838950587 16.05640169141296 1.7909107195941782
8670.437841084737 15.066680075707229 1.92609993758893
8674.217165802027 14.28028368475205 1.9560241659514366
8677.996734923743 16.83492578727415 1.8933999569331479
8681.777053269701 17.586078546535077 1.875290348742912
8685.558495131605 16.97136331211716 1.900799894749569
8689.339602863301 16.558876092963583 1.9884209174243874
8693.121310850325 16.8330112302222 1.8993861329478767
8696.903565158545 17.404523919077015 1.9425625626875596
8700.686105676765 16.3707744373312 2.030291177454785
8704.46978912717 16.948002553476837 1.971413862282556
8708.253024348562 14.938535878491159 2.066006713626846
8712.0372060529 16.02083740047157 1.957791974547457
8715.821789762605 17.3327981231445 1.9212997078515592
8719.606678904858 15.600655202433803 2.014481088570061
8723.392334825023 15.616990785230973 2.0371483784163473
8727.17830430195 15.991928788100148 2.0008777806827465
8730.964894300609 16.089093404627455 1.9813568838545497
8734.751693449609 16.986897642096025 1.9377982831184828
8738.539337257991 17.014332573407412 1.9167227528342985
8742.327107338317 17.292535493415862 1.9179539668854615
8746.115510860827 16.772540781128413 1.9298375332097073
8749.903674380494 17.902829500283797 1.9386454818700263
8753.6938708811 15.48662940482798 1.985832188031811
8757.483696984456 17.295811671918877 1.7760817147419297
8761.27387164233 16.747997084371043 1.690254105769488
8765.06461520954 15.159306062558386 1.5815094927512259
8768.85607106804 16.468918771209015 1.4890902430601654
8772.647760207034 16.691495459264658 1.4876540915101044
8776.440320428861 15.854058937130354 1.4495732010031883
8780.233001670966 15.888898520909937 1.492265447258734
8784.025753189022 16.07063994832592 1.6105925296296817
8787.819160550125 16.2081593811666 1.574617709821757
8791.614309117951 17.10305374754069 1.6497419166574172
8795.409027549464 15.99349671184616 1.8102495918779138
8799.205372429162 14.876941338118515 1.8405446602844635
8802.999972330803 16.33806753625022 1.8095513922360342
8806.79674353368 15.101059449839317 1.9519259419975823
8810.593048394849 16.623675456205216 1.8166086143121252
8814.390347837589 14.501570236935308 1.9023948175450507
8818.187975331544 15.847761272078603 1.8610997966041944
8821.98634804785 16.882349167902237 1.661416626926862
8825.78493290984 14.24319050261195 1.445531244834215
8829.58424548257 14.93464746934233 1.3556189572147357
8833.384007173503 14.351020023793387 1.28376180766933
8837.184310614462 15.292904921647757 1.206968436638114
8840.985267549278 15.519498895398346 1.4230027689668414
8844.786315675115 13.881782115381547 1.6187165767203484
8848.58818334675 14.132431866389119 1.6280652641081905
8852.390618913063 14.713167733229191 1.7606354644284226
8856.193203063967 14.623898020839931 1.7452561876174353
8859.996841627035 14.809977906958725 1.6847420476946402
8863.800560802634 14.421854089579705 1.7514902809373434
8867.604986707285 13.153863006786267 1.7865946547792775
8871.409743861797 15.531024720208295 1.6249207765328106
8875.215380227395 15.166271022830964 1.6585847678847947
8879.021281868365 13.652113024607447 1.7086662838298803
8882.827531099723 13.50489905595101 1.5862126709129245
8886.63461669222 15.46030355809795 1.3600819331664002
8890.442207207994 14.87825284420671 1.3676792522517738
8894.250044687711 13.932153468606774 1.3632891792177628
8898.058867452291 15.371995284010568 1.356694953959848
8901.867805431639 13.541259133903838 1.604465118497564
8905.67661943422 15.106881059001811 1.5653840367797112
8909.487702422137 14.162444333368013 1.5843438693932053
8913.298197187094 13.371914219922902 1.5901206731784487
8917.109236202428 14.902372823603061 1.3870447178481573
8920.921152229208 14.579672847093114 1.3243298870534324
8924.73331710414 13.465811198755684 1.3595002208685036
8928.546246961556 12.232817127804228 1.3653454372096723
8932.359334456845 13.97086947149404 1.4085037614587983
8936.172441691078 12.90998452391803 1.6729818549932813
8939.987779436564 11.610339076564886 1.7345118566594047
8943.80315820171 13.162523345419572 1.5900430111577213
8947.618285854105 13.246481370574244 1.5874664011118498
8951.434195177939 12.254745264163018 1.6545098904681392
8955.250905270965 12.416076940199822 1.5811232642601893
8959.067609115134 11.184599906085728 1.4246961006582557
8962.885613097684 11.594511545446087 1.5374612585934577
8966.703911657636 10.948764289133942 1.5028341323482088
8970.52263853912 12.05468987672611 1.5019395888679314
8974.342023050958 9.839993282581208 1.9217102561549493
8978.16180044231 10.647805478265223 1.954350370524522
8981.981867854594 10.183531354736372 1.8074345328912933
8985.80321614833 11.97650563860431 1.814032784661734
8989.624696538804 10.212943385149483 1.8234464179027314
8993.446765416335 7.2553764484050225 2.0715390773846543
8997.269527202749 7.997019387852121 1.9170087806251266
9001.09247794453 9.747604691906197 1.7837821040972461
9004.916311282645 8.517392250001855 1.7869467090512738
9008.740456416024 10.076122151137994 1.6751389088654944
9012.565654499822 9.551710218539668 1.7354921606315987
9016.39101762915 9.4344940186525 1.8801955833315045
9020.217196806501 9.117154218566178 2.0636098045599387
9024.043660363763 9.503869445439463 1.8948408889013126
9027.870740597977 8.658583385095262 1.922332342616515
9031.698344352142 9.110576829056484 1.8606867033168795
9035.52675151731 8.548550396133486 1.8313884740606947
9039.35540186111 9.763278038690927 1.6791220099381794
9043.184861142261 8.85697646046184 1.6733919544764555
9047.014686387893 10.513664382345123 1.5540547525593167
9050.845522659083 10.420468481275986 1.4939328027894132
9054.675518777893 6.6524386611222335 1.6591490463805247
9058.508243174256 9.835754432703752 1.5460803918013175
9062.34056936337 9.76709342858507 1.5557723345765824
9066.173578160651 8.386756821506296 1.676401450714368
9070.006829660242 8.292088400310304 1.7538467661518327
9073.841096640514 7.788999048688766 1.7729373245977507
9077.675384805678 6.343827667897525 1.8513496440050612
9081.51067536534 6.939288676506086 1.8827678060873216
9085.346551917435 7.613649392193721 1.8512637863249113
9089.183054559553 7.526082160538864 1.8267064987332764
9093.019840588635 7.017579027073035 1.8189284398857928
9096.857356582605 7.4501254941751744 1.8090405809022294
9100.695640349824 6.555336696337529 1.8171750710384655
9104.534353825162 8.027811458216105 1.6517538219905457
9108.373524419683 7.609062466185021 1.6787856399371701
9112.21339429688 7.387383098030936 1.439380269759318
9116.070960936418 5.066166836264728 0.9456302559418014
9123.73686395179 7.235009768899739 1.7124407178189494
9127.579029569082 6.406688810683026 1.685364017996528
9131.422129660958 6.902013474905572 1.6742473515126215
9135.265523997272 7.526198692592186 1.7141831109402172
9139.109695344117 6.848196403940337 1.7284234714266489
9142.954433720113 6.664355339671304 1.7698540839085948
9146.79941302218 5.0221094971198506 1.867580035038027
9150.64578809611 7.080746514643943 1.6220690561169986
9154.492203326685 7.341448450546764 1.549673483422494
9158.33833781909 6.2093163229235016 1.6587817491246608
9162.187263931124 6.54217788113334 1.6366375164421347
9166.035482636642 4.727882245097393 1.7123135379426893
9169.884726647506 6.321964044369093 1.6030096903984372
9173.733979646366 7.3153480285902726 1.5301450717561709
9177.58446808426 5.606238930199586 1.6088054236549791
9181.435258280972 5.823100178354559 1.5929410567975768
9185.286773012373 6.357206203169064 1.570247443510483
9189.138781529635 6.863175684650214 1.5483501273623612
9192.991517773846 5.482895590051279 1.5371185581291495
9196.844853031667 8.15190832352875 1.4326837396915004
9200.69889635844 6.607438626806304 1.4744803175744938
9204.55350425321 7.1028759857305905 1.3613436846618083
9208.408723284592 7.846346179179094 1.3225761764751396
9212.264451523863 7.337861120138928 1.308293555009638
9216.121055938595 9.284665604586941 1.242711995464383
9219.97813109112 7.711542449743375 1.324884699357351
9223.835935885818 7.692438640802953 1.302567888890622
9227.69419399942 7.903951962389938 1.3784535240617126
9231.553137176496 7.714973489880957 1.3624423464046445
9235.412950505122 6.840945808351077 1.2889628278419594
9239.273118579691 8.241491703431246 1.2256757282425175
9243.134211963554 6.381818117010591 1.3406048995832212
9246.995783793238 6.640987757925201 1.3145906365360382
9250.857930358981 7.504945185587322 1.3164582138881749
9254.721002712762 7.301216454709351 1.3128792818015735
9258.584347738271 9.226526131320284 1.2256986715380649
9262.44784802715 9.720493720664797 1.2058803965768676
9266.313311580663 8.787755471219945 1.1900851842102151
9270.17860557783 8.371085426387683 1.156873893121786
9274.044990498824 6.090370747499647 1.244426050925184
9277.911463449038 8.012938678518971 1.176697837021646
9281.77902704072 8.085367901332816 1.1821592646433325
9285.64767847824 8.353808562622955 1.1056769700828795
9289.515704821319 6.8958906422392685 1.281926180211937
9293.385301103273 5.089646490968041 1.3047566842321743
9297.2551039887 6.711909703946521 1.268915487315785
9301.125941603272 6.202810896902233 1.2484661520840588
9304.997331713528 6.9664789945463905 1.2667334215311457
9308.869346890595 5.711590513684019 1.2333576414239984
9312.742153049512 5.796546635459678 1.1334941722414977
9316.61545285813 6.405411880794543 0.962214765196436
9320.489504440076 4.053977346535544 0.8789893920763274
9324.363517380276 4.146042009114588 0.88035254930014
9328.240023673687 5.571143338827691 0.7635361056745064
9332.115552600193 5.340101674242071 0.8902618591631479
9335.992268816537 5.058955770440028 1.1205638310526649
9339.869540608752 4.049257996314799 1.2089158498332175
9343.747941473755 4.463776376129065 1.3041486573742298
9347.626541699869 3.4520536411628404 1.5212792142421803
9351.505932811058 3.408320697756105 1.6055724611299935
9355.38609434845 2.5999375265947067 1.5234806184167147
9359.265861549398 3.5852567172696617 1.505443631673452
9363.148428118142 3.6652772337586113 1.47013607110747
9367.030647467132 4.815563010516943 1.3975452437620064
9370.91357263512 3.9184260544998786 1.4178032023559684
9374.797112458018 4.304481917094561 1.5125617878089317
9378.683434328872 4.012194020942696 1.2640216148010348
9382.566169842372 5.0467979865242025 0.8015169249104144
9386.451807792422 2.6627351292363888 0.7832497739459648
9390.338214563066 4.976337226559003 0.734701136969916
9394.226509130129 4.716600271541363 0.7186183713684051
9398.112943922248 4.626522060033446 0.936205506862732
9402.001323790686 3.544489940589954 1.2324196285480533
9405.88950814485 5.134130687987587 1.0808980837578899
9409.781197425324 6.928728577898836 0.9195283391423686
9413.671780464823 8.388121207022353 0.9190942771040755
9417.56204081746 3.983297830883645 1.1054028566481324
9421.453936792293 6.113653854858307 1.0433671777987863
9425.346661822183 6.263826770503858 1.007449926222522
9429.24005757459 7.326968288247208 0.9287105765812429
9433.133863924426 4.015708191954888 0.9962607022761876
9437.028801864408 4.899343615218984 0.9839729769553581
9440.92430109795 4.070818324627953 0.9768983762796534
9444.820623195554 4.075686496797889 1.012917329544898
9448.717380915175 4.127803915950965 0.8743724856162067
9452.615156865175 5.367046603553557 0.8329387010160392
9456.51346529964 1.6937724673767522 0.9057476507179136
9460.412774979388 3.212021638081861 0.9006429863088211
9464.312167506892 3.0098923408853646 1.0065383169159956
9468.212862889617 6.436029315830823 0.8570139261921199
9472.11423561467 5.621500316602669 0.8247748841156641
9476.016168682934 3.529029526024681 0.9207917199394635
9479.918870298417 5.41760336780168 0.8528204551556655
9483.822481232763 4.279622794619107 0.9121802042227547
9487.726622342943 4.562640175269848 0.8044555497434309
9491.631654389106 6.469045724620512 0.784361547088678
9495.537228246918 3.6297668166854655 0.779786863113094
9499.443689126187 6.521607425614288 0.7217192625436288
9503.350943387408 3.617164250989293 0.9546952456491714
9507.25857716529 6.450886954304574 0.9035070629395603
9511.168118030608 5.284320347763497 0.8970340442875437
9515.076532027379 3.6224025358387797 0.9027564824367639
9518.986737508183 6.759385647592719 0.8103459207791256
9522.89778887398 6.145005170952136 0.7947568787878104
9526.809183997113 6.0568674569033085 0.7733396929989321
9530.721608987073 4.768468814966858 0.8558145267758742
9534.634639717682 5.8218521324344525 0.826796581233154
9538.548568149317 6.964309896962 0.8188851854491166
9542.463102658228 3.229047056868615 0.912425044669921
9546.3786068312 5.8998623390324 0.8438278835531435
9550.294721445794 6.817952391732256 0.8010361807674571
9554.21167056063 3.9896815890244195 0.8557154372134755
9558.128365733508 3.4756562608682495 0.799024436279774
9562.046692447313 3.4460311886300605 0.8048763402467342
9565.966275919616 7.2403714227196225 0.6395629763047457
9569.88751791796 5.0581734093897355 0.7517482721905023
9573.807858322436 3.807398833845706 0.7444981075677352
9577.728981746752 6.641352970946399 0.6666851636005113
9581.651330280834 4.715164151008379 0.6753475971881996
9585.574885150781 6.795587226008768 0.6547888315449294
9589.498411069904 5.796529298670179 0.6371836115806171
9593.422778950706 4.404077271297842 0.6798113552732589
9597.34824364366 6.077746100731989 0.6679753203801069
9601.274000981448 4.6999927532030545 0.7490232089757171
9605.201252256495 5.463704833557177 0.7732812467694108
9609.128819040341 4.751556424734734 0.8112822837803569
9613.056903042043 4.828393658924426 0.78794476832322
9616.986633867838 5.818794684163744 0.7505431418059758
9620.916721927024 4.732260508927847 0.6958995741134277
9624.847607557163 5.610083454846701 0.6656772965084379
9628.779198978433 5.082307001649032 0.6443944152603371
9632.711650205083 4.669922171462757 0.6358875707550842
9636.644790491622 6.518602597741449 0.607895797512286
9640.578862387885 8.132566920137249 0.6004454789883945
9644.513772085755 4.478711567912349 0.6597825437531566
9648.44966212617 7.69927348060833 0.6178366202342799
9652.386822435308 2.51495309033107 0.6221531947287541
9656.322948183177 6.375275373798319 0.6043488072524253
9660.261180019625 6.343014972103697 0.6001306808027843
9664.198733149664 5.5113835040996735 0.6354889902310322
9668.138517430441 6.86572624417879 0.5963064710268658
9672.079918304276 6.9644409064229 0.5930414627231422
9676.02120320474 5.780242537213503 0.6286957612968337
9679.963477326537 5.5012130157433505 0.6185704949101097
9683.907898185582 2.8505782231146624 0.5962970444302572
9687.850022847171 8.200592561597869 0.5496669949255308
