# OBJECT=ZTF26abjyfjg
# RA=1.1727805556
# DEC=-9.5689166664
# EQUINOX=2000.0
# RADECSYS=FK5
# OBJPMRA=0.0
# OBJPMDEC=0.0
# OBSERVATORY=LaPalma
# TELESCOPE=NOT
# LON-OBS=-17.879999999999995
# LAT-OBS=28.758333333333336
# ALT-OBS=2326.9999999988386
# INSTRUMENT=ALFOSC
# DETECTOR=E2V CCD 231-42 2kx2k
# CHIPID=12234-10-01
# DATE-OBS=2026-07-28T04:53:11.507
# JD=2461249.70361
# MJD=61249.20361
# EXPTIME=900.0
# NCOMBINE=2
# INTTIME=1800.0
# SLIT=Slit_1.0
# DISERPER=Grism_4
# BINNING=1,1
# AIRMASS_START=1.33255556874066
# DETWIN1=[801:1300, 1:2102]
# PROPID=70-501
# PROPTITL=External Project: Extragalactic transient classifications for the V
# NOT_OBSERVER=oliver and roar
# HOME_OBSERVER=Jesper Sollerman, Anjasha
# REDUCER=Anjasha
# GROUPID=20260727_ztf26abjyfjg_spec1_0
# BLOCKID=ztf26abjyfjg_spec_1_0
# PIPELINE=PypeIt v1.14.0
# WLENSYSTEM=vacuum
# FLUX_FACTOR=1e-17
# EXTENSION=SPAT0248-SLIT0250-DET01
# WAVE_RMS_PX=0.1940996410132711
# PSF_FWHM_PX=4.242752635967458
# HISTORY 0=2026-07-28T08:12 PypeIt Reducing target ZTF26abjyfjg
# HISTORY 1=Combining frames:
# HISTORY 2="ALJg270224.fits"
# HISTORY 3=Calibration frames:
# HISTORY 4=bias "ALJg270322.fits"
# HISTORY 5=bias "ALJg270323.fits"
# HISTORY 6=bias "ALJg270324.fits"
# HISTORY 7=bias "ALJg270325.fits"
# HISTORY 8=bias "ALJg270326.fits"
# HISTORY 9=bias "ALJg270327.fits"
# HISTORY 10=bias "ALJg270328.fits"
# HISTORY 11=bias "ALJg270329.fits"
# HISTORY 12=bias "ALJg270330.fits"
# HISTORY 13=bias "ALJg270331.fits"
# HISTORY 14=bias "ALJg270332.fits"
# HISTORY 15=arc,tilt "ALJg270226.fits"
# HISTORY 16=pixelflat,illumflat,trace "ALJg270227.fits"
# HISTORY 17=2026-07-28T08:15 PypeIt Flux calibration "sens/61241.2149.fits"
# COLUMNS: WAVE FLUX FLUX_ERR
3501.6344870173452 39.147136508237146 0.007160086201376224
3504.425646725848 25.063427108898466 0.0078072671902692115
3508.6313571996175 31.199957602574806 0.015587088335186239
3512.8100285872747 31.569243605278967 0.008251348562127841
3515.608098791019 44.94458739999364 0.008378841932804713
3519.823974620907 32.23813551954802 0.018501103674896845
3524.0134732796505 39.073454949594854 0.00964941480159921
3526.8188621824997 20.76868811035808 0.010519956128714468
3529.625874550152 30.191406988116427 0.010755051440730586
3533.854471954806 30.97570864386644 0.02331869718229997
3538.0575518576134 43.37761463525157 0.011349886164724455
3540.871586916778 26.68879366534234 0.012940789991821364
3543.6874657943495 16.287584665132282 0.013727844611204833
3547.9286940900506 28.672368513262793 0.02620710983856472
3552.1452393088116 16.947018154801153 0.015520698619761285
3554.967990973484 10.543367393048586 0.016394486526414936
3557.792415788613 31.979981669610268 0.015825504929142097
3562.0463228817116 25.082168503230157 0.033724450912981714
3566.2762041833175 27.20642629265548 0.017877191771621007
3569.107524068059 31.50547747704539 0.017803680834523022
3571.9404907516414 14.989743279775595 0.020084793550152566
3574.775330544328 37.69674170023625 0.018871768595595122
3579.044562886533 28.757855161913344 0.04174386539658934
3583.289918274892 42.197280129505785 0.020152906982653984
3586.1313621471377 26.005646388284436 0.023851890477023498
3588.974766659161 26.163524835375128 0.023182374491022582
3593.2569377022355 31.95422328374295 0.04768759623435566
3597.514780443031 23.57959427869139 0.027206550974838487
3600.3648330977953 18.51853076700749 0.028084353143361596
3603.2166052821085 23.990486086333412 0.0281027324408871
3607.5119722960108 29.276105964156276 0.05718968562428609
3611.7818763271275 25.294734870050384 0.03164148619588595
3614.640382771239 22.488097367309123 0.03201978373980891
3617.500498043738 17.773141176889578 0.03532918283784165
3621.809387217201 24.15566318868963 0.06994641789128003
3626.0908896374876 19.700943015731156 0.03790224823102322
3628.957570646761 37.670571253866335 0.03365301294793032
3631.826187607488 31.353280221359793 0.037583835808144235
3634.696282515187 33.24703508898945 0.037893163701498936
3639.021712767125 24.59798531072761 0.08359982976851749
3643.3165049991717 18.37180944939308 0.04637090863442224
3646.1932144198718 19.025898059170107 0.04542247123958932
3649.0716278305645 22.590243686319084 0.047700844174320134
3653.4112355108286 16.548307733096035 0.1026519747986368
3657.7164910297097 20.36672595385792 0.05143064246591753
3660.6014514007675 13.365248462978723 0.058292967988973064
3663.4880108891634 18.133704290538542 0.05594297609003413
3666.3762002155036 15.801212543493403 0.06068805199159005
3670.7331443467224 15.144099407613105 0.12597634604220367
3675.050493126225 19.647313262594746 0.06424710409648585
3677.944904759895 14.884512772395743 0.06518280489394318
3680.841385189606 13.668946819498274 0.07074285782034753
3685.2128639546104 14.210152674265814 0.14737142091029493
3689.5399166774123 15.029595382289285 0.07387205146872279
3692.442662023459 21.49507180468873 0.07380138814362773
3695.346938104099 13.68184141065981 0.08168608457290853
3698.252977207138 2.919159201944067 0.09491712435052788
3702.64184744692 12.168618032683035 0.17089298662474725
3706.980346494891 16.73581607355115 0.08800245865376925
3709.892659467787 11.946793267206765 0.09267509893505504
3712.806476439693 16.303462098390153 0.09283044553363437
3715.7220089976954 19.463181054414004 0.09168356718610396
3720.127931612441 14.791682113689758 0.1967756140914991
3724.4780047560303 12.349800301018458 0.1087644827439846
3727.399733614098 17.123754069564242 0.10642275758310109
3730.323128241429 14.008938616993156 0.11024907973552152
3733.248066516026 15.465216398635944 0.11256586882465565
3737.67017428783 15.273924539024412 0.2339289748857325
3742.032367275567 12.82223009952821 0.12235857807362698
3744.963576728591 14.89299775858673 0.12228977258798568
3747.896346816286 19.41146330587642 0.12103847789218518
3750.8307132785835 15.155623837693362 0.12730694903174
3755.268222487495 19.497262353907516 0.25150367231721643
3759.6427558091714 17.432838467188812 0.1327821349327661
3762.5834063370244 20.71154035163241 0.12880052915227758
3765.5256191822873 20.69971226232121 0.13061380381236976
3768.469193414304 18.954888537529413 0.14038660648194623
3772.9212071275765 22.375540017428857 0.2840617247554029
3777.3092575308638 20.758861377237974 0.1430331115351478
3780.2590071379473 22.04842895661485 0.14865370048266002
3783.2103058949797 22.980373789539623 0.152690231167956
3786.1630903654655 18.615291270264077 0.16387821896476618
3790.6284842956993 24.03264477759646 0.3088706945710616
3795.0306309241155 21.496324408032294 0.1684903602963162
3797.9896918076047 27.95938673690131 0.15854093103801092
3800.9499811113715 23.401389720104778 0.1689865052681687
3803.911920071687 21.2087233026898 0.1743522335344292
3808.3899034645237 25.14604832215937 0.34014032012728723
3812.8067113540365 30.908177219566024 0.16767521518866466
3815.7746720299933 26.669125505199187 0.17956820585691788
3818.744121720007 31.610075499499033 0.16533507944972003
3821.7151060566543 29.283878867142953 0.18329435284640422
3824.6874752156577 31.298171084381053 0.1762328259128683
3829.1793479635135 29.511206603932255 0.3830909302459277
3833.613711127711 30.266275934884927 0.19301750300238782
3836.59188999129 30.259790230849806 0.1952652522172904
3839.5719991551982 33.730328215785235 0.18631981158123304
3842.553424261004 33.396740230972426 0.18738694743503856
3847.0562763677653 31.63553745391454 0.40131487766598256
3851.506353067444 36.89777715830759 0.19136663115941296
3854.4932114269127 36.73320479529206 0.19449979503822978
3857.482398893807 40.44051089551648 0.19208781672708067
3860.4721532261133 37.46538407024684 0.1999284020396646
3863.4642189241526 39.637472084101 0.20461119084198887
3867.979663247587 41.01580999539677 0.390412502705653
3872.4478894306503 42.73584702827831 0.20132863509204504
3875.4454002328735 44.1797576549641 0.20225128239122414
3878.4442677395946 46.24131127184368 0.19719507475994003
3881.444786283519 49.76118693039746 0.19446628936482274
3884.4466239002304 48.243406371781575 0.2019897136861098
3888.974643826226 51.38667406920767 0.390789472136216
3893.460846008691 50.50550897964136 0.2022920916395041
3896.4682580761237 50.91315632025354 0.20825429945908344
3899.4774229014342 51.37150169395506 0.2053172121461385
3902.488274003947 58.95049228813186 0.18511597573443145
3905.4998259991617 55.735454599921 0.2003042871054154
3910.039828206945 54.21601181734597 0.4110501502043727
3914.5441979766542 51.95289502163351 0.2173136111214204
3917.5615039180307 59.674333689321756 0.20080680724627006
3920.580810861323 55.11082916568355 0.2183844628914738
3923.601246076798 54.89489711060406 0.22572671035469788
3926.6231011438363 55.65291087659588 0.23567729410222887
3931.1752204895756 59.89737635543722 0.445237834556894
3935.697112291681 61.045112960296834 0.2229966610213948
3938.7246303340835 57.91324689920705 0.23373227894597723
3941.753500918721 61.34430798816558 0.22652892845089326
3944.783859634962 58.193645345423334 0.23617507469912516
3947.8155306583476 59.06310823482645 0.23595191435981885
3952.379757152119 63.04985049490631 0.4571183204225952
3956.919011977768 64.77446006433922 0.2251089405888434
3959.9562347332258 65.31865465322305 0.23298753078168336
3962.994933570485 62.74869803824793 0.23879480475060683
3966.034937412053 63.241740540173645 0.2482102972503567
3969.076343942038 66.33148605623659 0.24233885322342927
3973.6528032785673 64.42835436741363 0.4920091902012828
3978.208897052768 62.74634994520357 0.2545817095660808
3981.256033085488 67.76786762226322 0.24469083315461684
3984.3041071623556 65.91314652959527 0.24794888189563333
3987.3537209983883 67.13551694071154 0.2481886607005826
3990.40465448781 66.96647500802258 0.2525890191712855
3993.457150721414 65.16353460182498 0.26235984741169555
3998.04772197914 66.8560092566127 0.5083202180825152
4002.62251991921 69.72010364367652 0.2534292492946758
4005.680736090579 68.6210306661121 0.25923084913923106
4008.7395546231355 67.09500092931333 0.2654426893200367
4011.8000835638236 67.16957283989997 0.26756014035210174
4014.8619093714046 65.79321209202692 0.26982942712199093
4019.464876782263 68.7748314865452 0.5360509385272951
4024.0556332047872 67.65005345253331 0.27108627876111663
4027.1228193820034 72.8765112041765 0.26516163808433374
4030.191094113028 69.34528488278464 0.2669778205765307
4033.2613502758268 67.51934445612865 0.2797884132946681
4036.332579346389 71.12964857603934 0.2707483063462558
4039.404803173395 67.89366943702336 0.2810619177102518
4044.022640453078 72.43556511729604 0.5461845176066437
4048.631117044013 73.81770166190906 0.27420742018168215
4051.7090664921125 73.27826144291082 0.2843137633360167
4054.787815938347 73.32263246211032 0.283357260827734
4057.868525160503 74.24704328339904 0.2813207314616795
4060.9502757211126 70.81956086537558 0.29452182516933084
4064.0334649388565 78.00294705552662 0.2753884621006977
4068.6655923748676 74.50368120400766 0.5835010778371498
4073.2907031041377 73.37069150930644 0.29422703769246605
4076.3790556703775 79.93326728604352 0.28037211080046814
4079.4686322220414 74.18443390122745 0.2948082201252553
4082.559755950694 74.6837196972904 0.29453298786672416
4085.6519715821496 75.63402207210439 0.29133820238338465
4088.745447034599 77.36557813961277 0.29040037585220607
4093.392415742228 75.8533204282961 0.5997324146658746
4098.033843469331 77.00996728499567 0.29551248508200895
4101.132565722154 73.81146490636247 0.3177688048147939
4104.232645718804 75.25934262685718 0.3139231530629087
4107.333839163695 77.54333883320648 0.309330856292505
4110.43641183581 80.09814574425543 0.29011137910457013
4113.540263494052 77.80894899894321 0.305928799882944
4116.645327584861 75.82471578897415 0.3135632378688368
4121.308825459696 75.19731465282085 0.6453102569717059
4125.968242235198 73.96661453402153 0.32365652654835203
4129.078501918553 73.97685995514605 0.33897582312387176
4132.190056201783 72.19495474796673 0.3435974288535398
4135.302611309304 73.01857315745745 0.3394243255627743
4138.4165169519765 73.69558434636714 0.34305572183110744
4141.531753575565 71.31975179812672 0.348702841959497
4144.648266325898 69.59293599948685 0.3582358467823588
4149.328326596843 71.43689222277834 0.6967569240594901
4154.005633862634 75.01251171812564 0.3379959935693457
4157.12667477024 71.60439432396909 0.35120875576368626
4160.2492152569475 67.64640725047143 0.3711234337236843
4163.373249395691 72.18775313123054 0.3574757259871737
4166.498489222951 67.4684686393821 0.3714213598792209
4169.624915692108 69.31114497085815 0.3676039449138761
4174.319820496661 66.83237018686314 0.7753106090893431
4179.011566864908 67.57827634767723 0.38497370288418914
4182.142983005491 70.67046329004758 0.375929964766425
4185.275518808708 67.29152979191491 0.4041366761430893
4188.4089016466105 63.96230709871757 0.4066602237926072
4191.544396974053 66.42996463098282 0.4117529884305917
4194.6807348397515 65.84036439255648 0.4169285814010946
4197.818583916561 66.52616922329808 0.4180636194579891
4200.956838196508 62.368083240081816 0.4394689126613408
4205.669559637538 61.59293824126634 0.9065497681377536
4210.380703969093 61.899273057349724 0.4548136457918859
4213.523651909547 63.10124813440669 0.4483103470060025
4216.668420710892 59.3695715539883 0.47254886560793075
4219.814381754405 62.763753282167364 0.457952334496621
4222.961562489705 56.80092264536777 0.4986197307171521
4226.109973187404 61.66283415099463 0.46772425826358205
4229.259933439847 59.67141968354427 0.4667932117000666
4233.988003634076 57.99516187736156 0.9900480288889263
4238.715260010542 56.802189116559745 0.5070975301343988
4241.869526339765 57.767792239609015 0.49936577570592694
4245.024997484536 58.69471195137991 0.49116907965340967
4248.1812964815 57.84962498359873 0.500615896451871
4251.339560635441 57.32517456470738 0.50600040992179
4254.498586107722 54.851676535493965 0.5257206297715324
4257.658768068149 54.5379298471847 0.5294364983670008
4260.820254807034 58.48507299398022 0.5087856061648321
4265.566487792904 52.614507724525645 1.0949583800279004
4270.311224491297 53.13880407263168 0.5549225238715202
4273.477061573939 50.554757776129065 0.5703197616115846
4276.644720584561 50.13128571274055 0.5807840837755388
4279.8130947214195 49.951695549524985 0.5739953161693824
4282.982760713692 49.45298899898059 0.5960459781713177
4286.15346691407 49.524404005786934 0.5911844651854026
4289.32535815447 46.20898649872938 0.6405345704464234
4292.498398406406 47.616251497177984 0.6095295559020273
4297.261793141175 47.230301776671155 1.277466295674432
4302.02443282586 44.876653970053844 0.6704441790069638
4305.202274885468 46.24548160207983 0.6604301864233096
4308.380895316772 43.901628482400994 0.7006761964024288
4311.5608425895425 44.61328083209436 0.6844737797861029
4314.7419501665745 45.99484954183352 0.6678776153422554
4317.924085794086 47.17856578315021 0.6382219379326611
4321.10752550198 44.97902252920866 0.66652659798412
4324.291937108603 43.185839896091956 0.6810856363892128
4329.072283486438 41.730000911900746 1.4117822978226229
4333.852232310445 39.951248132168374 0.7440374986970867
4337.041245010841 44.36136702175493 0.6852344781857465
4340.231408342874 42.76244138351252 0.7194247986713125
4343.422971368549 41.77774774253144 0.750470077566475
4346.61497579646 43.23480803929506 0.728502763356992
4349.80849696004 39.91804939057074 0.7878812826307202
4353.0031075536735 45.03697448499748 0.7018631702602451
4356.1987941030575 43.840134610104116 0.7270270153304098
4359.395247850511 43.95587586097352 0.724901592201809
4364.194457883274 44.0613568540268 1.4437896220530035
4368.992868338947 45.704561097188176 0.7039993951180966
4372.194102351705 46.944845452871476 0.6882293940028157
4375.396669064524 45.82541115709799 0.7245326314564268
4378.600464531928 46.83131301330817 0.7012180990307832
4381.804534477843 45.84399435985493 0.7179005318948423
4385.010231359418 47.099495326657525 0.7027379808704076
4388.216932417328 45.990823390096445 0.724922796283302
4391.424772490615 45.0380614373945 0.7365737662198133
4394.6337902367295 50.552092924731575 0.6776786082975975
4399.450595289722 48.14459889325169 1.4114886458839169
4404.267181005602 46.04794568028774 0.7329032769817828
4407.480500432021 48.53334262261989 0.7150010936981788
4410.694910556561 47.268609221098565 0.7288540471278867
4413.910322135519 46.76513588662243 0.7350074194142683
4417.126892659386 50.09661654144922 0.6940870157797279
4420.343960163742 49.64059139804329 0.7157218086471071
4423.5631278045 48.39648426926749 0.7193301420685217
4426.782882989804 49.01409452757623 0.711143979623989
4430.003469352386 48.449184376864466 0.733171062833543
4433.225591761817 48.657002561465994 0.7241424116977412
4438.06136353793 47.945784813076564 1.4749348515374745
4442.8976604075115 48.66870629851339 0.7350802489988076
4446.124162682061 46.82394538022351 0.7642942463801452
4449.351030961425 46.94551606557101 0.7588306358643543
4452.579233908721 47.316677301617965 0.7686153596261335
4455.808500574053 48.059159387124126 0.7624165097334101
4459.038943714048 46.49192499117142 0.772777333041115
4462.27031759589 45.4104142782552 0.7992453748870254
4465.502461510752 44.06434088277862 0.7918914290503993
4468.73622718048 45.61228606132591 0.8052238574488089
4471.970842122933 44.863563836107566 0.8086645925445071
4476.825788412342 44.95094870220478 1.6259616139983015
4481.680609404536 43.803491991965174 0.8579040154617126
4484.919382133226 47.01726796002381 0.8096377577272613
4488.1591024161735 45.753151914819455 0.8163355778134938
4491.399958556788 48.94619800020278 0.7731793488013441
4494.641707685715 48.035203801169224 0.7866535064906585
4497.884756789547 48.52477544188913 0.7854083995875794
4501.128373662535 47.56116106359363 0.7957841447593151
4504.373230425655 50.357527674033804 0.7748746627361477
4507.61919697919 48.92214815295116 0.7903919001618291
4510.865642943044 50.743172879947345 0.7689490984355413
4514.113965988228 51.73184202354886 0.76158070424141
4518.988548533903 51.66115183869222 1.5306488530169478
4523.864064393714 51.71754877788145 0.767445935487204
4527.116040854576 53.347337084628606 0.7651163382318418
4530.3690063756985 51.86625958708554 0.7628848840300073
4533.623000153244 51.87410022504349 0.7795658921528925
4536.878017947322 53.400087749043216 0.746110328397412
4540.134142236037 51.44883753966397 0.7871213662166714
4543.391267815223 49.67298706350845 0.8202874167868845
4546.649117151263 52.94539091024393 0.7716732672260027
4549.908060496705 52.942722528007465 0.7871707308444457
4553.168205422404 52.328221846477085 0.7887794753705171
4556.4292442485485 51.58825726478577 0.8024095764292467
4561.323153398594 50.55556676008409 1.621033147134561
4566.218197517151 52.07398458236188 0.8154602710678631
4569.483282407429 51.78623562104944 0.801392494285424
4572.749254168059 49.20477049203931 0.843594269420455
4576.01621917861 49.086163104632604 0.8394106184614955
4579.284079483182 48.836636211687605 0.8540184583105015
4582.55308246633 51.980847431054066 0.8226067006068692
4585.822919414054 50.79938549426466 0.8242195002608116
4589.093815275517 49.60687705684857 0.8572187630162529
4592.36562159884 51.295360905328884 0.8456647890890319
4595.638470830855 49.16563927199136 0.8686663442395676
4598.9122157719885 52.03181276067561 0.8293637502105465
4602.187036849414 52.08672153949701 0.8343382055175877
4607.101482619641 49.89522480464296 1.73004139138934
4612.017073681601 51.074761389261695 0.8526359556449955
4615.296299203046 51.0473023970189 0.85669848512307
4618.57532379481 51.545059994076375 0.8546506978097531
4621.85608773219 50.33695858054045 0.8713491870619277
4625.137349781134 51.865324393977424 0.8407218682669116
4628.419799220036 50.09844662189935 0.8707616528366467
4631.703139526766 53.13261226915713 0.8233939886526594
4634.987571245371 49.969103082574044 0.8883314983437819
4638.2727801903075 50.16883909812224 0.8716109910240533
4641.559162970091 50.33750521230663 0.8804235388505397
4644.846378571455 50.2181933034855 0.8934748048015732
4648.134393309893 52.47830629866667 0.8510894149748712
4651.423463774133 49.87132420807297 0.9031073627511532
4656.359650191618 49.37186941196177 1.790561851308473
4661.29636677381 48.781475490072424 0.9125264816866185
4664.589181423221 49.976360408580724 0.8987082681721799
4667.883005366993 50.96320716096019 0.8849977862324203
4671.177712732802 49.46188605594038 0.9182550724981037
4674.4732218760455 51.830892012912145 0.8834387374731452
4677.7698726122835 50.02870855900872 0.9200696724322156
4681.067331182698 48.271985130641355 0.9451366633971935
4684.365558416576 47.832073855605636 0.9145985914950128
4687.665044627722 51.24596332120563 0.901098442583365
4690.965286663646 49.35160540812505 0.9321411894668863
4694.266478314944 49.30475291009153 0.9268200689818702
4697.568604012962 48.860291992510454 0.9666865771874394
4700.87123438286 50.007231097581986 0.9390033591846413
4704.175452491591 48.32142057560556 0.9702538849209488
4709.134163869821 47.47396632722527 1.952015031741274
4714.092652238294 47.42582389532291 0.9795797908598808
4717.400303986878 46.31269320532309 0.9691125515350191
4720.708643748889 46.05217145783483 1.0143421027292374
4724.018070187636 44.865610821333846 1.0177253639436021
4727.328260065078 45.343615365374575 1.0195961305675874
4730.639445149042 44.12990066173062 1.037120454569828
4733.951508458095 47.17602524815786 0.9870387723782423
4737.2645129650955 44.22134118925644 1.059554500743844
4740.578305135125 44.110451873243285 1.0764417994001623
4743.892809296438 46.0321351446843 1.0362988767380674
4747.208699811759 44.89139557776914 1.0512036073720092
4750.525766691239 43.564489568737145 1.097717925720385
4753.842693470293 43.3769535498159 1.0846670089952417
4757.160944861746 43.80017102478813 1.0670487782482918
4760.480065945521 42.733649761135844 1.103759133714918
4765.461894141506 42.13940760316733 2.2289445575287625
4770.442948857708 42.11137963514141 1.117470913889521
4773.765583343623 43.422309761742724 1.101954642621359
4777.089151572882 41.74408992498394 1.1372666160697282
4780.413567269055 41.08131494861512 1.1475618374700647
4783.739026575904 40.73967217027912 1.1695861744198037
4787.065155487683 42.062009872518246 1.1261234993913094
4790.392187381348 41.9755017492371 1.127510037648482
4793.720138319511 42.038665157303335 1.133037507384846
4797.0489484722075 41.06719620550164 1.1526142536704254
4800.37906072142 41.35070575869073 1.1392269386362537
4803.709107409259 41.67959286020192 1.14743521290776
4807.040473961043 41.249345326056705 1.1776276682928286
4810.372749000351 40.74725970197974 1.1783187373262296
4813.705744969363 40.2010304268657 1.1825957956801043
4817.040210209125 40.460387634908926 1.1939081109648475
4820.374601074706 40.41934115644236 1.1966678294867665
4823.710078213623 40.658168045336545 1.1969261607035535
4828.7165529444355 40.59644502764018 2.387808594380861
4833.722208941587 37.794092361556636 1.2654933805274726
4837.061323934912 37.99761753113153 1.271303632464525
4840.4011187761835 37.459622947938726 1.2823227972999964
4843.741619037531 38.00237987667368 1.2521433985704438
4847.0834629295805 37.69664865463676 1.2740039165846986
4850.425950862208 37.473037699880535 1.29528610437587
4853.7691766060925 37.67944164274043 1.2987627021671153
4857.1132391877345 37.290868217073324 1.3168648850169913
4860.457975551877 36.57240447071325 1.3758193579714024
4863.803869751191 36.92672880005507 1.332292600370199
4867.150459263102 37.54246019213743 1.3186567307014867
4870.497916519264 34.31616269550322 1.40999447458846
4873.846146828841 34.56268549705518 1.3923745082728374
4877.195155130488 36.81041704669079 1.3545400134800574
4880.54503434303 35.90718305076458 1.374489848160224
4883.895777603203 35.59326887852389 1.36927746941816
4887.2472729070305 35.30733186486616 1.3910494618456912
4890.599687198352 35.41247405541428 1.3903730853692933
4895.630339108172 35.69834018325531 2.7455340088871663
4900.661593796043 34.48069309750663 1.4126945483126485
4904.017233701541 35.41868111130976 1.3761475087050388
4907.373409121116 34.32363527965153 1.4357811132100902
4910.730851302528 35.553994326290095 1.3867731614893146
4914.088885774779 36.88075613178832 1.3709273574102008
4917.447707823189 36.02911734188507 1.3889919431710183
4920.807359530016 35.709398774056815 1.4032290382884944
4924.167850619597 34.46067096578094 1.447536672216051
4927.529035973538 35.17544650675372 1.4150729879852
4930.8910802583705 34.49810398473519 1.4469499351852875
4934.25401550939 33.99423511756535 1.4522923730244657
4937.617554198516 36.02828863912595 1.3876036405792862
4940.982115589376 35.08257867907516 1.4438857303253727
4944.347285085426 34.44657424895695 1.4637373718343394
4947.713328416503 33.836883661030406 1.494956813723775
4951.08011687567 33.4434172240376 1.477312316321583
4954.447666919353 34.926360241301936 1.4672869844145653
4957.816135230866 34.23942940918614 1.463175577546734
4961.185315422858 34.24620070907415 1.468676997998562
4964.555201051248 32.935777506058514 1.516907493649296
4969.612015153645 34.08739063529519 2.963235064019393
4974.669647047604 34.42682712755495 1.499229083290958
4978.042890644479 33.029085251277 1.5376302356073555
4981.416548990359 33.28875764365535 1.5508452863362503
4984.791363982032 33.638932833082954 1.5165653918577378
4988.166767665464 33.142990450405605 1.5496565261478215
4991.543003600582 33.31049776206276 1.5351206237816806
4994.919950848465 34.90393137456801 1.4792719573535973
4998.297634022101 33.33176220844616 1.5465526319200567
5001.676091051129 33.64519228802371 1.5217336684604093
5005.05530198439 32.54894822518592 1.5955173489883088
5008.435364362511 34.193091210413655 1.5296944104627734
5011.815712648213 31.543033470148945 1.6019351539389934
5015.197199766015 34.40200073216196 1.561806573835789
5018.57995891401 32.430159526957524 1.6136834762771342
5021.96297578547 32.50247586755349 1.6105093141449214
5025.346396414057 33.57325751428352 1.5716470292517657
5028.731251964755 33.27243813571643 1.5607900141456392
5032.116681542368 33.50610639941191 1.566418651654448
5035.502737133048 34.64189203000233 1.5553947624784152
5038.889707471264 35.70417752100536 1.4813792758513562
5042.277069395768 33.784038405110984 1.5849925141063852
5045.665397470308 35.9315351396591 1.5202234020599426
5049.0543997343575 34.60139955681255 1.5662144605363653
5052.444270310438 35.23017919796639 1.5450459748126066
5057.530224607405 35.40637468187767 3.0823554278358647
5062.618115226111 34.821884571803054 1.5555467730015393
5066.0108483391405 38.159456504959756 1.4567093738976808
5069.403479311579 35.72371486489902 1.5380417208219066
5072.798567283973 37.10766545450145 1.5050934304936878
5076.19355775793 38.353389032438734 1.4599749224334218
5079.589234757826 38.48923596177629 1.4615704121327247
5082.985670387849 37.881226255428516 1.499933855878051
5086.382752937606 39.19317546026402 1.4408094750409433
5089.7801630946215 37.40414586338297 1.4593951028458163
5093.179322359972 40.934889525396144 1.3997925352093268
5096.5779186129 39.32444640704673 1.4270774458588882
5099.978692010103 39.347543282105036 1.4516498978608041
5103.379694576056 39.14195220782372 1.4712010553648833
5106.780897683429 41.6754370323888 1.4001779388614062
5110.182770573831 41.5182992700396 1.4137868313478863
5113.586085999573 41.258843020575114 1.4092875623713714
5116.989724579947 41.75835680850274 1.3979453824755175
5120.394120113438 40.428069452210714 1.4263277504924197
5123.799178494647 41.44767784181126 1.4239941624409607
5127.20552343024 43.29827774588651 1.3847559242532674
5130.611494572047 41.32465721215065 1.4339933030959195
5134.018565162299 41.42461259426351 1.443010173677192
5137.426568382916 41.68571196746686 1.4226794666826748
5140.835154702224 43.50715281182543 1.3796714396683547
5144.244494614093 42.177105482407434 1.4205973956711624
5147.6539385895985 41.28788355996587 1.4485810191734583
5151.0652215391865 44.09161369062785 1.381295783493658
5154.47668224212 43.807932508110234 1.3816004969400641
5159.595312312141 42.852515953021985 2.8251127276790324
5164.715065221191 42.04885820861611 1.4662669543637328
5168.129335171397 43.47221695796408 1.4242247329931335
5171.544227296519 45.856211762772475 1.3564132115353216
5174.959754606493 45.142965408693016 1.3636497104203877
5178.3760843746295 43.372352783938155 1.436355625316691
5181.793049525099 42.691343231450816 1.4652973190219905
5185.210651267137 45.83775670724478 1.3643351947511253
5188.629021124513 45.996011781539174 1.362979616349477
5192.048634895402 44.60204313610215 1.3888233901485538
5195.467671574816 44.089844788549975 1.3714561177579319
5198.887771254906 42.729482740270264 1.4094847041612966
5202.309193699796 44.531313144050934 1.3685284100102835
5205.730989502562 44.60836416617102 1.3610535707524865
5209.153396300156 42.62493952747605 1.4314689671524532
5212.576636604462 44.53551748204002 1.3636614077686067
5216.000271716585 44.14927311459932 1.4408986491335563
5219.425307512489 43.67288513426132 1.4285288698447798
5222.8498074123 42.46019475911761 1.4601300513732185
5226.2752440322365 41.65482588244233 1.4900969209657886
5229.702023675822 41.290101685929365 1.4956868897434505
5233.129162585765 42.635148797173265 1.465020381791789
5236.5570088837585 40.38209559666265 1.535716607915133
5239.985499161859 42.21200884270744 1.4968390945221175
5243.414563210608 40.73222959770948 1.526890528200284
5246.844313781828 39.83054954991209 1.568654278458941
5250.274708349583 40.746898935166165 1.5216097137715214
5253.705839678114 38.53838188589883 1.6038975890039955
5257.136934457496 38.82922773194438 1.6127236696176892
5260.569991206464 39.57402451403784 1.563439316327339
5264.003083279797 39.732962612812535 1.5912962636755326
5267.436721065796 37.871613164021795 1.6675559961075201
5270.871173527834 39.51998544432488 1.6152479524353989
5274.306163899763 39.46292947934234 1.5933299490347794
5277.741816406064 37.10476339567441 1.6989515626310947
5281.178151886477 37.91295190458322 1.6540273151030145
5286.334041521927 38.078600971500975 3.276911282959107
5291.490991630978 37.2730173756418 1.694483298329093
5294.929588854777 38.6621570574027 1.6234756804865969
5298.369377905623 36.90941899634195 1.7049141848061964
5301.80959289852 36.413088082123195 1.7265537352548206
5305.2503752663315 36.88068225493273 1.68579096263914
5308.691870324412 36.604082221436336 1.729254254976432
5312.1338799938 35.83650505785036 1.7607914216453524
5315.576681478299 36.17501685070353 1.7272988090649994
5319.020031972495 36.56524421320166 1.7037026123709103
5322.463942810498 36.7847305697368 1.7254045372801254
5325.909039808592 36.892206633807206 1.7203670599068877
5329.353904781931 36.33335168313248 1.7416510945634847
5332.799927246438 36.11410962669631 1.7722723696157217
5336.246282496571 35.731569642054055 1.7818057270885788
5339.693408660255 36.07560347041898 1.7634330361298405
5343.141172921974 35.89876453338265 1.7792186232136133
5346.589904871326 35.58671814034695 1.8032205766461518
5350.038546038604 35.92891636904264 1.7595798121689343
5353.488125127029 35.794352605143374 1.7574709844566871
5356.938115556983 35.109794691899786 1.8182605780542755
5360.389265845096 37.057300259484954 1.7145237968448075
5363.840701382187 35.331184338890445 1.784042365298603
5367.2928362836565 33.50538921983596 1.8796289421649621
5370.745531944571 35.24626974291712 1.8120033298776665
5374.198831023009 33.54639481802042 1.8665326990750544
5377.652733028562 35.040508641024665 1.8263371840507785
5381.107540689833 34.10424492452247 1.8716035052629556
5384.56242983356 34.59843913008461 1.8428528051287358
5388.017502272473 33.537252882084644 1.8586000850968514
5391.474547886757 33.26002887812788 1.9170568629977276
5394.931419388392 33.63687286856047 1.8912534330824662
5398.389351351616 32.79929614577467 1.9585920298514243
5401.847215654442 32.587118458050085 1.9483082148398467
5405.306129173636 33.09208339162881 1.9356376360417873
5408.765295459889 32.56613788699243 1.978433755628957
5412.226024492551 33.358936233182575 1.9120278898607892
5415.686144410615 33.91297476756175 1.9276394574990465
5419.147084129724 31.81269974254655 2.004040380717148
5422.609109924618 31.915356331277312 2.0437705180439254
5426.071217884845 32.38567226803925 1.9895040909889414
5429.534084015305 32.58250181477072 1.9799990828539795
5432.997608809521 30.391470133574206 2.07104124731986
5436.461743199379 33.09007115624036 1.9439984814379865
5439.92641926206 33.07313399716478 1.9481662692943336
5443.390965945636 30.291941932009358 2.0564364937399393
5446.857603275544 29.631205427155553 2.125730547491938
5450.324078159471 30.37953980228907 2.1040412389514724
5453.791092201317 29.513585442756657 2.1839843503568246
5457.258702159438 30.10777468213692 2.100528383011414
5460.726898897162 31.613998440517463 2.022702223248963
5464.19570906192 30.968826083002277 2.0966406788044187
5467.665112097434 31.55562739237189 2.041162922284965
5472.870217854974 30.193129979910733 4.256160659738011
5478.0766667057915 31.987591072014386 2.0154669708750146
5481.5484057479525 29.95532839146169 2.148072856163751
5485.020622895654 31.600691095059098 2.071877739689054
5488.493272402352 30.710964355500792 2.112344066924261
5491.966757234736 29.809052590372378 2.16165166182941
5495.440761734571 31.696082968135354 2.0495584625479366
5498.915430058894 31.412422096698617 2.0858900319168123
5502.390298047784 31.831388274112904 2.041841055556686
5505.866010245286 31.567542838542842 2.064064735245954
5509.342232665813 31.678545022761412 2.045140968089593
5512.819005083019 31.34781107679432 2.0937428199137074
5516.296362083162 30.740713246073845 2.122495089710391
5519.774623573609 31.199795583261352 2.1159733370914386
5523.252724923053 31.1718141782571 2.0860391801631653
5526.731919958767 32.731674834243556 2.0250345103686147
5530.21133234246 33.165270588065084 2.004724748691001
5533.6914160957285 31.771746434426085 2.0665392157586235
5537.172112818649 32.39071868325214 2.042772036707539
5540.6534319992425 31.70572182259026 2.0829777731632855
5544.135153894122 32.913012760101125 2.0019581967906555
5547.617508981309 31.908427196092077 2.0792817671410155
5551.099595877255 32.152094554875696 2.0311307211342493
5554.583828889897 31.559232239783434 2.105350487967874
5558.067656613367 33.0724855279058 2.0334247320740313
5561.552361322061 32.09826212264248 2.0614349963102927
5565.037439211904 32.84746884257996 2.042061378785404
5568.523386255591 33.423488098344556 1.8331014369956846
5572.009233462779 33.9793425104448 1.3834237878606386
5575.496435395261 33.52818852926966 1.1300065753496709
5578.983181748036 34.341555386284135 1.15712774886592
5582.470949183165 31.708412510927467 1.2132869633441135
5585.959254900375 33.22134383725472 1.339117131823282
5589.4482051496025 31.740671241794153 1.9038802692043488
5592.937548583971 32.18015028792794 2.081261885914674
5596.427431685737 30.64108568983301 2.171358944453521
5599.917705200368 30.105766356265526 2.2168332741573136
5603.40897903538 29.365038507861087 2.2220412509839234
5606.900503989565 30.668247025784076 2.182023520916649
5610.392536872634 30.53974081610347 2.159993017704534
5613.885178305955 29.544387015888525 2.2458564662240135
5617.37831279251 30.96658166509287 2.1659488006525645
5620.8719071270525 29.78545075904037 2.2426362564270983
5624.366065370158 30.702924535259257 2.1808032295272
5627.860815754213 29.70603071348388 2.239468802901946
5631.355987468472 30.60012908423538 2.177222268254151
5634.851777038859 30.32611276012353 2.224502002343601
5638.348062157038 29.334728444737628 2.24675742316627
5641.844864272252 29.09151620742206 2.2758059073495303
5645.342162454365 31.019911345290932 2.2107020235337247
5648.8399248368405 30.02326807400344 2.2302873662841733
5652.338274597122 30.452029101951187 2.208354781391612
5655.8371536253035 30.08852932802237 2.2379688988663675
5659.336683303604 30.574495362930314 2.255788984230855
5662.836296357595 30.401990205163518 2.2430993166539146
5666.3368476030255 31.58372894936257 2.1532250476029784
5669.837680757868 31.261659646817304 2.195346102023606
5673.339122300605 31.233309336464853 2.173348300436486
5676.841050541639 32.099374206607955 2.129816179658068
5680.343496557873 31.439996063781486 2.1594303005605475
5683.846438827265 30.34316975508658 2.2299720557838105
5687.349846446626 31.02851217257404 2.1746390807659335
5690.853902764434 30.660317975002904 2.2228527941342198
5694.358248899855 31.95837616417281 2.140922274822731
5697.863305845759 31.614131974415876 2.1579543976247053
5701.367895231035 30.8759013423065 2.19080046283985
5704.874731944916 31.203330849094638 2.23475012378045
5708.381174882329 30.51406280428804 2.2310825293066023
5711.888163390187 31.111582795304756 2.198329848374285
5715.394780637995 29.63806129546202 2.2493115876616945
5718.903630684047 31.41671015271943 2.207396184093748
5722.412058188495 33.277771294883195 2.0888708967962204
5725.920970001164 32.06331125740959 2.142199457190921
5729.430378420373 32.38108830200779 2.1508070553226366
5732.940316656101 32.58964469292177 2.127894953983105
5736.450732093569 31.82588458385837 2.1829277039293444
5739.961668223175 31.881898381578175 2.174505436844026
5743.473074622285 32.11751926726673 2.142602623507796
5746.984993728813 31.370697006749857 2.207445890919355
5750.497324043336 32.24593644002504 2.170985318986418
5754.010184017761 32.13538041080062 2.1787641608997026
5757.523545954547 31.710367793565133 2.198729341306903
5761.037415792065 32.82889208740296 2.1352495714302053
5764.551691058412 33.83800433808977 2.082262718098662
5768.066528533711 31.458456113132332 2.198326124108507
5771.5817483703695 32.17854485641036 2.174348901751973
5775.097533737111 32.448272344782445 2.160112511874034
5778.613964221316 31.051698547611686 2.254575970440881
5782.130533285394 31.703537942608023 2.171608867533975
5785.647664689096 31.806621215200945 2.1941662152671895
5789.165472969604 31.783607554275914 2.2016389757473562
5792.683578813 32.72986934864945 2.1357852782792723
5796.202157160653 30.339242066258038 2.258291247554779
5799.721261211613 30.01235973385541 2.3059768325678713
5803.240822665432 31.32984468511796 2.2012591387579215
5806.760841179371 32.15470230449103 2.1736023478562685
5810.281381310374 31.114675139367677 2.2197268544997226
5813.802300727562 32.26927680684381 2.154656592992099
5817.32331558489 31.06957256586486 2.234266514073789
5820.845718774151 32.45977630439322 2.1203788108672263
5824.368064409889 32.09933633417373 2.157836612419507
5827.890839863383 31.822501741839613 2.1617496898854487
5831.414197524563 32.410810087856504 2.155041726398062
5834.938013429022 31.89632131720087 2.1675466715945655
5838.462169494403 31.250340244476227 2.2209786833693235
5841.986867857807 31.739744489804053 2.1953276116664036
5845.511831119088 30.682568332957352 2.2395354108665617
5849.037714544231 30.819829122255072 2.248708902490923
5852.564554665734 33.021802109843065 2.106309347094695
5856.0902941301565 32.26169389196394 2.1641700240285644
5859.617201515257 31.32488704647369 2.2039640345691183
5863.1446330366625 30.984159159418994 2.216527614372417
5866.672543693494 30.934799539463196 2.228781976528639
5870.200873023699 30.080439619506212 2.246551568003588
5873.729697538451 30.52811804767225 2.234725040905253
5877.2589266953855 31.78319154550332 2.1980162470574385
5880.789478257572 30.280728095068927 2.18895587157897
5884.31881702894 29.637503104787594 2.20798351036312
5887.849295393994 29.315596492391492 2.151414243754905
5891.380471380426 28.231279310835223 2.1326756996862604
5894.911982120779 29.421100092104513 2.0585421549719585
5898.443857753679 27.950768998085536 2.168121223092018
5901.97631022586 27.942540768935537 2.267432871599822
5905.509119215414 28.78399928192627 2.2997650020416973
5909.042363437034 29.733242436120392 2.3162726943214844
5912.576124915368 29.773787420081007 2.3192601010578024
5916.110273153072 29.852027413057197 2.266018599467608
5919.64477125359 27.79736018007865 2.414078962146527
5923.179886979184 29.102105187132114 2.333243583988618
5926.716090404379 29.156940605837292 2.303853332462938
5930.251439273544 29.924363795464785 2.2163485874207813
5933.787592237682 27.712513058938708 2.427929541983617
5937.324396559553 28.0178744979812 2.414816301103627
5940.861605753299 28.23690458558697 2.399128026802242
5944.3992907434 28.750370208438202 2.4048644001727957
5947.937338668157 27.634855847286047 2.4371132922148013
5951.475893214701 27.957354088831213 2.4249361667062326
5955.014836848812 27.759923938381398 2.4455348641145416
5958.5541810080595 26.760871074489078 2.516698230734386
5962.094005412032 28.04253681723652 2.434499570426487
5965.634259037227 26.878196059870564 2.5113269322970706
5969.17494150917 27.676275175331355 2.4508387745121083
5972.7160303981445 26.16586062145824 2.5759663969618787
5976.257548023824 27.249215561037992 2.4899258656703354
5979.799495198628 25.84289413627505 2.598935242422266
5983.341818174588 24.554943560942256 2.7043685259473373
5986.884624469316 24.369899150317185 2.7165424776922613
5990.427844925063 24.19833267030401 2.753881432739937
5993.971345381072 24.068712571277455 2.769692277481392
5997.515521147717 25.491743317684925 2.6596014512568247
6001.060009836583 23.34793849260352 2.8315294776306414
6004.604913022502 23.153457487415697 2.8382707373088722
6008.150204494798 23.1645087950629 2.8477237276320837
6011.696015592755 22.686890966648686 2.913217554242872
6015.242114795947 22.703508823526523 2.902278007122187
6018.788673635693 20.63679286464349 3.098824227374483
6022.335621243061 21.72203964063542 2.9954634190433325
6025.883033308356 21.22299252260601 3.057992739180432
6029.430840849743 20.84778026227786 3.081458402073025
6032.979079015066 21.088239248532602 3.0158150626406224
6036.527614730746 20.153187046220797 3.1181451039390695
6040.076655442096 18.90293205232219 3.2542199606690114
6043.626149272927 20.16367373313761 3.1236980581912497
6047.176007424524 19.33853215347475 3.213074705114531
6050.72620447724 18.964422544868135 3.296092896887417
6054.276923085933 19.01659829106472 3.2843696943627982
6057.828015451768 19.033708129701267 3.3085487743635746
6061.379515856979 18.292767883554724 3.299217615620675
6064.931387000435 18.642341603560528 3.361592588864152
6068.4836549869415 18.131615322209395 3.393316959029099
6072.036426913399 17.73113263473731 3.486718201431076
6075.589333761826 17.3956549015312 3.5640752905942783
6079.142950254687 16.827751243101897 3.580012884149171
6082.696852131713 17.796491685589956 3.5024879512540172
6086.251171705811 17.037540197316336 3.596458497557459
6089.805859033417 16.99494139366714 3.6252857315859517
6093.361000807729 16.88485463061846 3.6233418883926847
6096.916577437584 16.59220930536018 3.6851793496440894
6100.472422323028 18.017540158907988 3.4836953438254037
6104.028589381848 17.001848691941717 3.5895224488527013
6107.58525948244 15.949272512057318 3.738272309119584
6111.142374986077 17.03386363513355 3.595096480584107
6114.699908114962 16.874836546386486 3.6443345751883496
6118.257719476041 16.764098238776405 3.6262748284274178
6121.815976380969 17.952696333115753 3.4396158403890045
6125.374592932196 15.93217906089357 3.717807077932922
6128.9337107864885 15.645216713762016 3.7730906058802822
6132.493133530142 16.82258876666673 3.62113958857525
6136.052861837947 16.987213328536154 3.5805041786417395
6139.614930925423 17.322160024122134 3.506231718043302
6143.174047415907 17.237568271866635 3.582723877765242
6146.734676612905 16.923991210011444 3.613695425009049
6150.29599097991 16.321947952771637 3.710132240786932
6153.857684236212 16.25236067110258 3.7348493607897195
6157.419363025429 17.60084349755371 1.7714738842860585
6157.420694484589 17.933607012899966 1.7281743551456499
6160.982349605027 18.075931477824078 3.466685961343182
6164.545204375918 18.06237533703427 3.499971587276519
6168.108529270633 17.718653283889235 3.5203395922446403
6171.6730661086995 18.29333263854213 3.3165795286459656
6175.236251222326 17.74048986583195 3.4858970938427944
6178.799984123832 17.79800692781702 3.4635003025421907
6182.365496224834 19.213278267184457 3.322752087432746
6185.930643064776 18.215019578436443 3.453077259894978
6189.496255598209 18.678157420622245 3.3744466905476593
6193.062188749564 17.774822718319484 3.524079522296281
6196.628432166192 18.969404253562807 3.3477922743394872
6200.195142025822 18.975993590299705 3.3330414736129175
6203.762177704127 19.091847906144917 3.3326662634204745
6207.329583760651 18.995949263642885 3.369503470220568
6210.89739537743 19.67393769492746 3.2882207018439003
6214.465260425548 20.61709344484922 3.1805450753432876
6218.034515124024 20.377414025543477 3.2197640946128425
6221.603072455417 21.356876258982528 3.0731040955663054
6225.172364959894 19.478256994047932 3.326373243150302
6228.742003971727 19.991358098660147 3.2475928857818155
6232.311322046532 20.87535612325593 3.0912361524641834
6235.882429936582 21.027229245405614 3.1029992123447085
6239.453180894714 20.338715520967888 3.145460916585076
6243.024315654973 20.382979747214204 3.1317428198420765
6246.595831874347 21.760891549152888 3.0364753274479814
6250.1676745374125 21.026875894018726 3.1486090319587072
6253.739863815379 21.42877716941238 3.1087778465817455
6257.312493821934 22.54626494849441 2.9261712607335157
6260.8853461860745 22.63319906636351 2.9086235668664897
6264.458886421489 23.282748647541155 2.8360122699091446
6268.032433334686 22.96635450572265 2.9185354746505396
6271.6063771206345 23.730366789156292 2.871784531899685
6275.180841628145 24.323039917072045 2.825396493903116
6278.755522949515 23.47633255490874 2.8961565920345596
6282.3306958440235 23.38317902489021 2.8911211751691157
6285.906157848503 23.355997659534463 2.797713321500826
6289.482060057307 22.613566038633255 2.820937530216971
6293.058181583136 25.467749238992365 2.0306714935910155
6296.634703169897 26.105066670567002 1.3439292867898498
6300.211666737063 24.670808466224592 1.2350932359926388
6303.788891676676 23.224964801681335 1.2658855534298907
6307.366378777299 25.559280391824554 1.236623805152947
6310.944495119906 24.669412317838262 1.7032727391603937
6314.5232089172705 24.2806034150947 2.7342261478028624
6318.101461825442 23.979592911216415 2.8342782457175737
6321.680520890014 23.82122082424598 2.857047882605078
6325.2598569842985 24.619096482889816 2.7924843023556414
6328.839494163176 23.51609377334073 2.811609385043264
6332.419485850014 23.433537397536206 2.8831073295375145
6336.000011932475 23.805216186333137 2.821110757261864
6339.580775591591 23.969116074514854 2.8448328844819906
6343.161884617648 23.94280640831252 2.8595745464424507
6346.74413196421 24.636312020079778 2.7986053992302806
6350.325592521738 24.13265520011386 2.8352068882941985
6353.90732946339 25.055689740394396 2.673367421986179
6357.48974885488 24.312389586191177 2.3807288571880187
6361.072684693939 24.992296600236312 2.0048410637528282
6364.655829880984 24.36822340104125 1.9705589716454017
6368.239368168483 24.913992255865836 1.972719464725819
6371.823277055683 24.450653567069157 2.0360189715820325
6375.407458950783 24.0763650094803 2.494521609140039
6378.992066646656 24.829324655666824 2.778640889416949
6382.576912286524 24.239942324483653 2.7863654843038175
6386.162201885289 24.627680763355052 2.76124802702025
6389.747762308812 23.675506389862523 2.8285027660542648
6393.3336437185135 24.16513252036934 2.7951099505561396
6396.919820488498 25.25887893811907 2.740991355050008
6400.506543896473 23.263568714712857 2.9419710244001607
6404.0934995877315 23.563286229306325 2.887228210659824
6407.6806943962565 23.966079753760628 2.8474100713401875
6411.26831620612 24.154038744984952 2.816798367987732
6414.856273455426 23.125398162134445 2.934805994626551
6418.444546255409 23.393430317814975 2.9183796035427902
6422.033192502081 22.982865382474213 2.957385735270382
6425.622135881223 24.601860781681918 2.7695906653649467
6429.211370848952 24.69652841356968 2.7677806065016055
6432.801022176321 24.13002751909395 2.850654315762012
6436.3908917452845 23.98084670644545 2.8331689697430384
6439.981216562065 25.89376172105469 2.6787457019591683
6443.571765014419 24.443680481023698 2.7904128467667917
6447.162802238716 24.265202145512514 2.7940364377242495
6450.75398882911 24.950796939538424 2.789466017920282
6454.345638114194 25.599744665340694 2.690443821821998
6457.9374998383555 24.450708646763534 2.806792164588642
6461.529778931451 25.417922104999786 2.6729303952473282
6465.122302939644 24.2731637924111 2.7954910612569623
6468.715302998567 24.82639229640716 2.7229500543417084
6472.308987087444 23.966319839179313 2.7757016831633727
6475.90208779566 26.869538177400056 2.586110473142473
6479.495913315385 25.072660441574268 2.712399179839795
6483.090105600029 25.07072115304502 2.7135806786315935
6486.6846773297775 24.81283545061258 2.7838258285273545
6490.279497097448 25.95626979513957 2.7101989123284262
6493.875177777081 27.24492732249166 2.587643107341746
6497.470131487249 25.988939949519146 2.6420931583765497
6501.065685566868 25.637853279748825 2.6776749749588893
6504.662132066236 24.870960010395315 2.6917689654606316
6508.2593951819235 24.77170790011078 2.7174510285168076
6511.8554342363295 25.895169414314413 2.6708388083052146
6515.452490358889 26.62549446945146 2.6187088344602767
6519.0498544783795 24.46438385651858 2.788882841807449
6522.64765229353 26.031194722950925 2.6679942022319385
6526.245699295768 26.047698918867273 2.664403035998284
6529.844106343092 25.755718801276704 2.6246892354446847
6533.442839140951 26.13747055910666 2.616983326530384
6537.041797767477 25.275784748964575 2.691660853676625
6540.641148596712 27.46517905558618 2.515650356832921
6544.240672454988 26.10209235801165 2.6504813580586863
6547.840733257643 26.16542079581001 2.6577694846385516
6551.4410086166345 26.022854983008223 2.6040768009368254
6555.04156543077 26.716285671610883 2.5608165055202976
6558.642510590216 25.20636368654965 2.6441852222237796
6562.243619105768 25.831116650306466 2.647565098464572
6565.84527219833 26.301341483820188 2.60336272095632
6569.447161783721 26.89835456084168 2.5253345723636347
6573.049233517118 25.329787820883183 2.656574748717108
6576.651849164726 25.69535106960352 2.684025237368647
6580.254530128056 26.24397184654433 2.660025737825517
6583.857597162227 26.360326239009495 2.6377099063261764
6587.461008138072 25.975441037464183 2.713533653743817
6591.064791684445 26.70003843806066 2.6735879069526134
6594.6686819675215 26.40135185797149 2.6947946332480615
6598.273078327771 25.036453469564016 2.802279045947284
6601.877690510647 26.37177416903947 2.68338149866303
6605.482640947954 25.581928716941864 2.7233805484513067
6609.087179517008 25.214213745425806 2.769504084722852
6612.693377929609 26.078150048490482 2.7312655729907283
6616.299302255001 24.815552650088 2.818904609826939
6619.90544720206 25.36152436450551 2.789965717128668
6623.511915317252 25.64300169800226 2.775993182161594
6627.118694436728 24.328776587463178 2.8809009472188714
6630.725770451012 24.6824971666268 2.835362704211072
6634.333148552329 25.118629327414812 2.7964438350728544
6637.94085815056 25.09924191731962 2.822999674752686
6641.548821335374 25.201215462891128 2.8189578318150597
6645.156890857606 24.720280512703802 2.904289559457582
6648.765699855492 24.65737635642457 2.8407299818586393
6652.374587324676 24.768868828691794 2.8148460300679976
6655.983881168768 25.439980200694468 2.7755769544373523
6659.593217101579 24.981504388265066 2.7951743828102025
6663.203101039602 25.75799386462665 2.7673883066064757
6666.813220403672 25.64050634989913 2.7601724560000247
6670.423557073683 25.311020935727985 2.788857260009475
6674.0343468453075 24.252404411208506 2.88364819519695
6677.645281264621 24.449584846344376 2.847525159366564
6681.256483927098 24.952265619194453 2.872252421388638
6684.868156245637 24.660829666875983 2.866893761309997
6688.480037175918 23.981784451952024 2.936451841627996
6692.092250208621 22.7090104675891 3.0607239398635184
6695.705361638938 23.910925770151852 2.862890537117864
6699.317581626467 24.471688587836415 2.892477991976254
6702.930612457065 24.213873738701526 2.9144892878214455
6706.54402736575 24.286672646825043 2.925239222309993
6710.157596141888 24.147594533866798 2.912844637090062
6713.771575770578 24.24763854786272 2.8952140279064853
6717.385910662168 24.26496570590082 2.8870199435034833
6721.000395694445 23.72682273688639 2.9180688677186186
6724.61524384795 24.005722068767195 2.9369634278231396
6728.230428309441 22.59765243407965 3.0809998607347455
6731.8458522671035 24.449340589936632 2.919835017370263
6735.4615294355945 24.32121494531115 2.890989523441932
6739.07757092434 22.61369722813394 3.048366998841585
6742.693891027642 22.818240278388835 3.0292282271379043
6746.310446115771 22.369759356276724 3.1149386268444985
6749.927302283883 22.92244687407549 3.0241599197024125
6753.544496230494 22.95103872851368 3.0059121122732337
6757.1619038668305 22.44194581516716 3.071013053043354
6760.779801992568 22.3420147039757 3.0915193251450352
6764.39781817384 22.940603134667175 3.026410730005783
6768.0161406937195 21.97723878843548 3.154953142684197
6771.63476145726 22.42392667692966 3.085269728855011
6775.253690607034 23.281134739987074 2.976337686105998
6778.872894053108 22.514660460543254 3.054411920837193
6782.493310204933 21.699620605723943 3.1236324741910435
6786.112172259949 22.39570191863092 3.095101263623223
6789.732171091523 22.621126092888925 3.0033643954421096
6793.352627154046 21.776483637985177 3.148252786461046
6796.973115253416 22.4999963127931 3.0543178845985515
6800.594141050221 21.883062172609705 3.127991717219527
6804.2153231095235 21.78199567822337 3.1611045801613953
6807.836851673323 22.533934346957544 3.0441987430035327
6811.458567760119 22.433673333553084 3.079830220976752
6815.080728407405 21.599073516837233 3.150205251489144
6818.70299133927 20.660452824337337 3.2274545383861337
6822.325654482573 21.177381294872955 3.166557088094027
6825.948550860675 21.12766444558926 3.051072620113969
6829.571711121325 20.76165557371985 3.0537971004958657
6833.196018639858 20.51144690692326 2.918758171672903
6836.818957339367 21.968589833271604 2.891393644696213
6840.443001953412 21.10264517342617 3.0055063340544055
6844.067424091253 21.361589047369232 3.0276341848953456
6847.691901220887 21.550163282104638 3.1190416939779824
6851.316810125144 20.161952336953924 3.266462163500925
6854.942050615648 21.200106795285667 3.1546292895847072
6858.567529572245 21.499072598378294 3.054496294402531
6862.19325103949 20.4696905932088 3.0470125089292948
6865.81917973392 19.105535624039376 3.259029162978145
6869.445555374213 17.814275767569626 3.4240680029500905
6873.072099044448 17.895881765018466 3.5018926143113562
6876.698993282872 16.020472542146212 3.9849158050868287
6880.326680578265 15.772754553046584 3.9346192911280964
6883.953486663037 18.019441537288934 3.6658501017335126
6887.581148953655 19.10301856888599 3.4430016273921686
6891.209145656817 17.652179868160353 3.659576380926887
6894.837295412125 17.703261426539832 3.640470944000873
6898.465940722328 17.46942342239188 3.6371170384674323
6902.094663079563 18.740042340746037 3.488548363774411
6905.723782331185 18.18358512134391 3.5457208677457555
6909.3530231370205 18.13275662002479 3.4969934279230195
6912.982747768643 18.28382721638778 3.4788101084504617
6916.612648753478 19.850248060925622 3.245384405230424
6920.242209761053 19.55299798420619 3.2644139452003573
6923.874259935766 17.462047067184727 3.4265735204902317
6927.504033012431 19.620200270059442 3.270827923523584
6931.135116324226 19.183009136707252 3.2733322256104995
6934.7663010067445 18.73909540136308 3.351864463790946
6938.397846233829 19.44340872872895 3.3190647863017713
6942.029786011261 18.936332508297 3.320315927330007
6945.66184237271 19.07029277913605 3.2673951872335683
6949.294198144482 18.2697221471519 3.2973470207138944
6952.926816598045 18.122124128094097 3.3053115286578336
6956.559876333914 18.19202802578591 3.381850274936042
6960.193001288779 17.910426589575863 3.4315914862216834
6963.826562183518 18.647028466885025 3.4117243576731267
6967.460205986837 18.276660361612347 3.41641068380794
6971.094322668508 19.189836029798414 3.2570560214813566
6974.728538168621 19.05509558444434 3.251285718805119
6978.363237312207 18.417201225395065 3.3448212286929127
6981.9979615435695 17.892640588474578 3.482025179287042
6985.633081252271 18.48836317122694 3.3838520907894236
6989.268253517477 17.799536224164964 3.5207081867386147
6992.904082062141 17.853569414322426 3.5638196698703863
6996.539997433294 16.451388296766186 3.5675270924738802
7000.176261726982 17.706458423666263 3.585403252191712
7003.812709102882 17.03404940101896 3.6515505558276877
7007.449530739717 16.829542484631823 3.673882162258525
7011.0864426286025 16.852846674800457 3.6306919749542086
7014.723728108567 16.45534237550852 3.744146615871741
7018.361199843068 18.295838841808152 3.4840052149848857
7021.999203920159 16.975028923036465 3.6717177604674616
7025.636739851397 15.589742988350466 3.703311763739896
7029.2756063189645 17.51434822462792 3.6048003394292825
7032.914217389128 16.44645192834846 3.7552389827339994
7036.553035637459 16.9617540500722 3.73614741472243
7040.19225236737 17.88485027344152 3.5992933771432116
7043.831638382982 16.191858609057068 3.779502978336517
7047.471415132216 17.48941212662589 3.593383617972411
7051.111385400584 16.778613176695604 3.6694484711098982
7054.751555448578 16.189097245400447 3.7762360164820072
7058.392130669892 15.440291565907287 3.9338712547199672
7062.032791419834 16.388119644507285 3.787888101557427
7065.6739471465435 17.25424437322055 3.689079744486796
7069.315221865981 16.04901363379338 3.849862681714882
7072.956718146377 16.541855454246946 3.740595966560163
7076.598641381642 16.283267356641012 3.784389266907745
7080.239996092209 16.343391209136225 3.6041903828941586
7083.883120548275 16.287072128385415 3.773490815932441
7087.525751044086 16.11824098766252 3.837751860329917
7091.168671309714 16.166833116919367 3.841184782612696
7094.811906207457 16.019392104617747 3.8846740559096227
7098.455318339926 15.859076003774735 3.9227179994305823
7102.098897590205 16.56809838820959 3.8725128383365552
7105.743008279407 16.774284307320197 3.823781134137492
7109.387585407846 17.38064445561653 3.779100842797085
7113.031711875415 17.019145979309567 3.768063595763496
7116.676567577044 16.20567922024845 3.9484893753146246
7120.3215668685825 15.680265605825014 3.9981993161935754
7123.966553031509 15.426752289268899 4.040678746967705
7127.612365148406 15.530923699937931 3.9780882104115807
7131.258103941173 16.31619324444906 3.868289479602066
7134.904291064728 15.352551254931202 4.043630378852325
7138.550680929027 16.376312761786405 3.8648495323075114
7142.197351453486 16.921346697258397 3.780298682496152
7145.844155782139 16.09431245297429 3.8822947258030824
7149.4914030725995 15.44796206392745 3.992342761806284
7153.138820549131 16.265496893164087 3.8846739369202004
7156.786382595624 16.71562670958176 3.880728298439907
7160.434428946791 16.26814609733108 3.8897334145123303
7164.082633246297 16.447204052923087 3.8850302780538413
7167.731184298119 15.79822078892643 4.051937748363951
7171.379878242029 15.929612970516123 4.023761526365802
7175.028905405686 15.445028786563029 4.1411447833221535
7178.67810706921 14.839968456578807 4.251652787519528
7182.327611262427 14.661942667698872 4.36628761191163
7185.977394515737 14.436840924922699 4.380736567859291
7189.627542183365 14.727693964399833 4.364026156623885
7193.277795379799 14.497134514911176 4.416416602903799
7196.928957904583 14.843309629406676 4.175579814156393
7200.579126187492 14.010946985643619 4.536729594508438
7204.230254164634 14.45028395998168 4.457369630244781
7207.881619862155 14.03806691531673 4.391334161333178
7211.533009119365 14.743383780301269 4.431422867514208
7215.184429317722 15.451158125971338 4.271275358487149
7218.833150670583 15.530102193509444 4.154101252367504
7222.482842450028 15.356616082495961 3.6706295792224193
7226.136290300775 18.195991818300044 1.7599859302296825
7229.803223484147 17.871649492033914 1.744734816893575
7233.4555300253905 13.798918144924107 3.706705394192668
7237.106345213001 14.211936695747319 3.7716401649237983
7240.758087742327 15.644356710124535 3.501700930942428
7244.410187759842 14.866230261666319 3.4207107352129933
7248.064230556179 14.608150567292135 3.464010522677091
7251.718780227995 14.474561699468488 3.6629744725528486
7255.373419247853 14.889691330729796 3.8391831512143937
7259.028582387675 15.263598693658697 4.001090936373618
7262.6838437177485 15.706221061301532 3.958900424181851
7266.339421530194 14.554139594684505 4.186113022129406
7269.995282064737 15.229577306452851 3.8689439129085414
7273.651386569572 15.133224456944976 3.470123088051043
7277.307686548607 15.347411542701519 3.456141356139687
7280.964429847354 15.965865474075112 3.165461433807857
7284.621191286155 15.475718969519315 3.305218663726595
7288.2784541738665 15.203820464980797 3.6802569869364703
7291.935768626549 16.158870491823254 3.7120775015635985
7295.593210555287 15.132132958893779 3.9668945389665895
7299.251226458537 14.983919075957937 4.020589669824246
7302.909490722118 15.69534110348471 3.7811506880546166
7306.568063263654 16.068647059204554 3.7634779510811245
7310.22611836746 14.796149367450912 3.8353051839092784
7313.885688771586 15.58184208995757 3.4716974861078915
7317.545569234406 15.431612027361476 3.560372341624101
7321.204656516518 15.507864362191432 3.4663712246201666
7324.864282702968 15.9562957307081 3.3211597091677434
7328.524300686525 15.220752857737175 3.790497602413972
7332.1845297110685 15.589784679073666 3.6894019322664975
7335.845231641046 16.144193394301542 3.3476775092415276
7339.505990919857 15.64381242933943 3.2575050174534903
7343.167065952572 16.1019496392136 3.2711839479859073
7346.828333379959 15.130367123775974 3.4138269370626264
7350.490054298466 14.965969085263882 3.5588693114399406
7354.151856766653 15.275865880935434 3.7984302471741076
7357.813979652162 14.700223297431227 3.8456377379462134
7361.476130346687 15.190183715607382 3.748179462450359
7365.138989145081 15.822913774450612 3.3729726505893103
7368.8024054318885 16.129327502386214 3.48502131803537
7372.465199736978 15.507957885924036 3.498193415957745
7376.12847472579 15.834288075301462 3.524541474101668
7379.7920613539645 15.113265917806007 3.8434681538788875
7383.4561709709615 16.468436196039164 3.809122453238892
7387.120478282028 15.661956171463641 3.835006493434786
7390.784872974498 14.982130681417528 3.9312137453239653
7394.449686659835 15.969173414742981 3.684992335452118
7398.114593268219 15.126410026069538 3.6453249929283
7401.779728639013 15.351221935336657 3.677462280541105
7405.445315770365 15.420993177553676 3.7264336835370506
7409.11106027784 15.603302293832314 3.730777632245504
7412.777266741433 15.120595358669183 3.8901427921942027
7416.444007962347 15.443988201202492 4.099398259698659
7420.110114699831 15.663582572598829 3.835015960771956
7423.776972026666 15.394680449989407 3.949620293601556
7427.444111264713 14.433698394271644 4.076523638839812
7431.111431551388 14.8620052140856 3.950964315607025
7434.779226025057 14.654833901877236 3.811687503998481
7438.446890119462 15.018428683887992 3.8300498399416703
7442.115233905271 14.784349317038913 3.8952576317401006
7445.783580811419 14.427769626960647 4.0374616808146095
7449.452475807923 15.072174207296197 3.9444961043863964
7453.121396211343 14.96874925341549 4.052732641116127
7456.78995123046 14.403064352323362 4.116866929888153
7460.460773310925 15.801188945278582 3.9665030972067976
7464.129489971363 14.316291865473804 4.138592523640395
7467.799582486197 14.486313239882927 3.9780539631301552
7471.470030534002 13.263768439146459 4.073937010846598
7475.140489755894 14.692664099649468 3.8325158005415156
7478.811534079809 14.683813462920691 3.8561453104257963
7482.482466527885 14.713221697465489 3.7774367047774797
7486.153808083398 14.284266551347875 3.8949623054358486
7489.825276152457 14.342347062985196 3.9568661218794103
7493.497299229461 13.751211142278187 4.192129596414534
7497.169264539554 14.078444494098699 4.163781322082665
7500.841657761504 13.93222054562706 4.253590233860437
7504.514330018256 12.075664404698655 4.642416569709679
7508.187280760605 13.150918815183319 4.41535785606765
7511.860406943844 13.844333131103328 4.2913980173904
7515.533683465968 12.650042095314712 4.529074119593095
7519.207543527226 13.210149387700504 4.0077995247856855
7522.88130170133 13.38019043886824 3.9021389072922985
7526.555525720538 12.827966086483478 3.997419106154545
7530.230230962829 13.484435454864201 3.802662025026712
7533.904976669313 13.13710217366015 4.065574839518966
7537.580429945365 12.625222309303982 4.456979065157755
7541.255199095761 13.341779124401052 4.353638859618624
7544.931165655746 12.96117546028584 4.45768409241428
7548.60591989994 12.980769232781363 4.510313574420385
7552.282797344043 12.783654289375868 4.478704462903123
7555.959129658248 12.704890470445054 4.536952595670316
7559.635946873107 12.760960924156494 4.471706678122571
7563.312595452632 13.299403276601046 4.361190485107108
7566.989893094936 13.424548761928838 4.135614124732819
7570.667426603181 13.330616927165888 4.039768624347016
7574.345385357872 12.353656965453805 4.2581311576114205
7578.022950692179 13.242536252862411 4.089130589622312
7581.702694753355 13.126460402359365 4.224260796530496
7585.379831203051 12.744792624111483 4.584067809347363
7589.058895252512 13.65383558770489 4.286217366072071
7592.737601155911 11.193728874168093 4.947991759375592
7596.416953423346 10.141053711990438 5.436122946307873
7600.096646253529 5.079646593587575 4.07578817066136
7603.776228246136 4.84532383093728 8.905651817090964
7607.455997236611 4.244064255432098 9.795463917323353
7611.136965367704 4.18078160593378 9.893806383827021
7614.81712678507 5.825420552698767 8.260258704967537
7618.498036827325 7.057929718349586 7.216503976821352
7622.179755925983 8.695869433656856 6.221412328802581
7625.8609910408195 8.721192537905477 6.197682012521081
7629.543012119221 7.752650128307196 6.541111823802795
7633.225139244455 8.09508049264784 6.686264703174489
7636.907055580169 7.870006304849086 6.819368447423739
7640.589935383121 8.10330026392463 6.743821363830924
7644.272564177241 7.976224349166358 6.74407989210976
7647.955653964006 8.81003448872442 6.2885355022885365
7651.6389073612745 8.74264993424208 6.280685447455149
7655.322859809222 9.817949382441013 5.738134318666041
7659.006773487852 11.430786625376749 4.926016335848616
7662.690747768164 11.159856299308657 5.0272922244309655
7666.375520721148 12.221780087171897 4.793243880008998
7670.060774165785 11.586837319816393 5.01056553271353
7673.745104382065 11.960075748221609 4.797569714549226
7677.429863016332 12.352333172408418 4.734277480371283
7681.116102033273 13.157432856067535 4.266195283429665
7684.801516927833 13.03596745324783 4.289567082467074
7688.4878593566955 14.096937593138257 3.996574832619568
7692.174105091717 13.087054473154263 4.086521548071603
7695.860840502171 12.799755017303616 4.26244062341339
7699.547999104664 13.222761114256251 4.255177498049557
7703.235082376302 13.489207645213977 4.1394941555023035
7706.922600058615 12.66311933710948 3.901462933373186
7710.61029033078 13.473242839356658 3.349210316835504
7714.2984712268035 13.330753177541595 3.2266018513513917
7717.9862755166205 13.028534617054287 3.209808086750936
7721.675205701046 13.600956069790566 3.0033104136935105
7725.364391799439 13.498844029145129 3.358477365340359
7729.053428566375 13.798576432008392 3.690729385309144
7732.742779905766 14.564055077594455 3.759388634793121
7736.432031941496 13.99514395110073 4.0153505445133675
7740.12223944671 13.328602016399563 4.059258109992012
7743.811935049173 12.849166482181753 3.7863000007087737
7747.503197694161 12.748823131283707 3.3704891727037305
7751.194031470834 13.437528975545524 3.229913155199591
7754.88513999456 13.434136796873828 3.0139594572665898
7758.576329061315 13.07502253846917 3.1280115622173565
7762.268450087437 14.181916898334462 3.667541518835359
7765.959544346241 12.878718606900259 3.9609515326286315
7769.651856505473 13.883632619383661 3.695509361599064
7773.344112524358 13.674232224405095 3.8803391352057166
7777.037218024282 13.418955560654528 3.7701145336021984
7780.728956754887 13.949848960383433 3.64069044886518
7784.42342990632 13.614206030377028 3.773697752220968
7788.117515804627 13.3802034893065 3.5034133443621784
7791.810471361885 12.455378565875623 3.5597186647511343
7795.503591365248 13.809458338231357 3.4499218195006702
7799.200181401086 12.370025823278036 3.499742398477352
7802.8943478344645 14.471420374615635 3.296907679158353
7806.589538160046 13.78975550718772 3.7089010869689645
7810.284546808959 14.172484196510966 3.7118789317910412
7813.980172934583 13.96509188035448 3.548663851789945
7817.676230684364 13.630793692675033 3.172283427692774
7821.372423293403 13.330713512454082 3.32460389715991
7825.068018176302 13.571424095921465 3.3997408704005587
7828.765541915665 13.914505692450785 3.265895116440973
7832.463027549419 14.912917051697354 3.710616321867087
7836.159869044266 14.034537753221828 3.7298342979328267
7839.857111005053 13.060552128326638 3.95580286193858
7843.554910435863 13.875083985284816 3.773383772000928
7847.2530460958005 13.658555181964676 3.3407875441268686
7850.951614250268 13.456496060464 3.158330736771011
7854.650391253148 13.70348406722938 3.032281307804611
7858.349394725578 14.299872028271679 2.93741701227634
7862.04767252613 14.609377266629934 2.898122820225231
7865.748363372905 12.086901326268892 3.5306097931223888
7869.448074315918 13.544270601501086 3.3820802037270865
7873.148232477502 13.267917096580046 3.5483018718704153
7876.848154170806 13.074096583597814 3.3987133069431206
7880.549240622418 12.529149207676992 3.647403431884002
7884.250026074825 13.585172469956937 3.458911479938578
7887.951705276286 12.758554769391882 3.4672954978763664
7891.653274148171 13.928005193429785 3.4264906871038168
7895.355347309209 11.98915415230789 3.755955081891178
7899.057204018426 13.204037632671968 3.8095473693139237
7902.759596269075 12.623541225114906 4.134835881689808
7906.462053419119 12.607220801513055 3.7556991394330215
7910.1658061190265 13.386890880298628 3.06417550608323
7913.868364659139 11.908225411064809 3.272279979326222
7917.572592557214 11.91518601192836 2.9906297496423644
7921.276589092981 12.034483410341911 2.9540968830757537
7924.98172893064 12.550074215785305 3.339227880285434
7928.6851369020405 12.228665022505224 3.573973124913864
7932.3901389564035 12.790088467557165 3.663516248397392
7936.0952329344755 11.090987301993676 4.130660573628194
7939.800623002815 11.627852216208927 3.989384246073121
7943.505886629919 11.78668240455017 4.144528438339286
7947.212056849311 11.017819336019983 4.1990629070653425
7950.918680985786 10.872676600795337 4.216505238656789
7954.624794671486 9.999688935180618 4.435608595485563
7958.332286785208 11.474254983818117 3.733221046534715
7962.039269813837 10.024857817858045 3.815589551964341
7965.746953221165 10.334473960311072 3.6867729926346615
7969.454553584844 10.56343731009801 3.6065452600015546
7973.162579681355 9.391451449013163 3.7476670324060812
7976.871275312487 9.390022613016175 4.118444925289894
7980.577776150128 9.73561246069878 4.360168562143408
7984.288740952412 9.370474163495516 4.183409640767841
7987.998220437255 10.11109971657045 3.5115222727852307
7991.707736449791 8.934792285267076 3.724184966510513
7995.417697823256 9.164920218288172 3.7421895448329168
7999.127811036038 8.770358754365045 3.735993829654923
8002.83888475216 10.475098209137801 3.887960116425346
8006.548760892404 9.09846533719612 4.685589790621581
8010.260194470366 8.865496163985265 4.60549890632849
8013.9713510879255 8.805060981226871 4.517851211085189
8017.683221279855 8.938352932463621 4.343981162881493
8021.395498565527 9.366808119528343 3.5553785794960553
8025.107592370907 8.460305946367141 4.026917654026598
8028.818952947733 9.712654028151047 3.802240818208219
8032.53322520476 7.958861728423136 4.093062543827063
8036.246418089359 8.495651860850176 4.478716007710563
8039.960181352005 9.113692147497806 4.706437977388516
8043.672506622136 8.49033396284196 5.017174192567119
8047.387335356583 8.669932284083838 4.750833074196456
8051.102272178811 9.313631887200783 4.570371583557855
8054.81694087597 8.636416813729289 4.627743208869637
8058.531829712756 8.465386432213814 4.288815839809771
8062.247729258351 9.197797162264783 4.248452795428165
8065.962962685991 8.378036818827473 4.503628561696651
8069.679190251659 8.972442306252908 4.459682014084757
8073.394666110667 7.771385707201105 5.085679650071206
8077.111525780201 8.026453241235034 5.125054599976961
8080.829215497355 7.56332921595011 4.915551232229972
8084.546272674081 8.753523911461022 4.883412702975386
8088.264287900753 8.189709426616277 4.82380883644709
8091.9819371654485 8.018057916299245 4.866316814405294
8095.700483168284 7.893229241233204 4.790065844129251
8099.418570338449 7.9041267356317615 4.732361104796574
8103.136929954171 8.014243065461832 4.776322528151418
8106.856286074992 8.779882116924348 4.598664628209869
8110.576076803848 7.182616626718981 5.03245233783088
8114.295776786381 7.768481783863995 4.9923627257212715
8118.015602878362 7.147274044625622 5.3857811166577045
8121.735907192535 7.023980469154744 5.315130173261603
8125.457416865768 8.158156808868183 4.9051994203371665
8129.1784716216935 6.874992460473039 5.297915185797521
8132.899781340384 7.274136456043034 5.1188593705999
8136.621703783561 7.521553800614221 4.9407118071436065
8140.343207369535 7.975193291604589 5.04420474207647
8144.066068740003 7.278404635420058 4.96489879974148
8147.788539570412 7.126263959006964 5.058734380283066
8151.511375770724 7.302673716015195 5.00333501425653
8155.23502151763 7.5685117331651925 5.0858076369163765
8158.958349371779 6.323318227473452 5.622110116381046
8162.682318076537 7.144948637497135 5.23503363969958
8166.406757545822 6.85339520167991 5.4112241588786985
8170.131537200255 7.381651139656912 5.112339458697304
8173.85602404422 7.8714980560129355 5.082989174310573
8177.580782763548 7.609177725806534 5.058473300142749
8181.307133644478 7.288991799870734 5.007710304347049
8185.033002526739 7.849215440860279 4.778648192176164
8188.759103250331 7.357352191364927 4.918746284803714
8192.485866954597 7.230165241613376 4.868058015755704
8196.212602607444 7.693881705278024 4.876939980888228
8199.939973736122 7.341294078572145 4.715048456059213
8203.66670359554 7.371425182799816 5.15209571731719
8207.395403443632 8.477688056772534 4.623413331359408
8211.123455955218 8.224374772088535 4.593718112883541
8214.851234720507 8.40366867043148 4.584359499113438
8218.582112072321 8.080278330901333 4.4479629208091715
8222.309035103712 7.42110008891173 5.0052749708713495
8226.039228344544 8.283086305182383 4.780952466191788
8229.769506356588 8.107864981883257 4.76873359085496
8233.499623961588 6.192869862068596 5.342722726038594
8237.230186506533 7.817746277940967 5.01397569257945
8240.96143859154 8.555206921679272 4.499841351187253
8244.69231196191 8.046222470963608 4.526853361480488
8248.424044693875 9.461083364539206 4.040249341130409
8252.156033469842 9.61052554357952 4.040977417137475
8255.887873111124 8.823043506025213 4.294931933123198
8259.620740125258 9.762751616661483 4.124418905483441
8263.353306054927 8.926756523601385 4.356870487653458
8267.086614286085 9.153324691899241 4.124067186030706
8270.820547558566 8.763440890348669 4.344377809728795
8274.554454953728 9.047168738363506 3.7869453866612925
8278.288643700618 8.181521334887437 3.658687965843735
8282.023707712413 9.906064025996887 3.091449955193603
8285.757986257491 8.21590353571274 3.0633746500823653
8289.493472174947 9.37218290402056 2.853563523036212
8293.22897899354 9.71168304534159 2.742212819219564
8296.964893653083 9.819476653408364 2.5710397091225694
8300.701426580981 9.28656992956835 2.956559531541838
8304.43811008197 9.22300576110156 3.0012876663151253
8308.175015157742 9.428969240003552 3.170994762963735
8311.912535144102 8.59534697232368 3.7599019281849735
8315.65029581175 9.040460349167764 3.7320071099844205
8319.388273232711 10.365967115039524 3.5217143123126387
8323.126664901894 9.42377058531655 3.9148248309694695
8326.86555702325 9.795249376305607 3.881511672030573
8330.604485706872 9.823778413870683 3.9335248982345523
8334.343842138456 8.993121462038362 4.129212158036033
8338.083908358823 10.282231818661089 2.9327979258786523
8341.823943626025 10.262205201505429 2.2968111707802046
8345.564490026243 9.217383779658741 2.3070514440305887
8349.305416923824 9.9030085450991 2.0530885669528023
8353.046780980429 9.84230419569753 2.1314848114538996
8356.788391429973 10.620476057136932 2.8568620990225115
8360.53007777076 10.306529291694611 3.034884503297933
8364.272473331088 10.14687288531634 3.3435796891945917
8368.014870313953 11.203654362291488 3.3557558997588224
8371.758284876516 11.360483320855963 3.2282999382369013
8375.501419190481 11.304350717468816 3.2422856071599893
8379.24457086906 10.282069003435243 3.4075948811711467
8382.989111950306 10.385526958923837 3.3421703251282433
8386.733682059968 12.297741443918346 2.9914792939969788
8390.478517696936 9.690918388426924 3.333881239596476
8394.223750016363 11.395366896418341 2.6340540220647606
8397.970076850075 10.216611240589703 2.5432774838256966
8401.715320930825 11.38324164455772 2.4609485466658647
8405.461147141788 11.13784170267386 2.552613561183617
8409.208021942788 11.617846415975132 2.614202098659773
8412.955093679097 10.915189176254367 3.111872626900389
8416.702370920284 13.246786469426185 2.925337847094954
8420.45009454935 10.494870251527471 3.1833754632341567
8424.198187371683 12.370973461616199 2.5101629203891767
8427.946502275292 10.342175691882009 2.405546313248669
8431.695632937657 11.314533550682134 2.411041767763061
8435.444583156279 11.228575614594591 2.3802754859527546
8439.194196090495 12.445251467227084 2.473096238683199
8442.944135698732 11.547644295026515 3.340139659654408
8446.694477707772 11.955904230037111 3.1650242114948326
8450.445399178141 10.718484728311378 3.2279485633060983
8454.19595022546 11.800797674640707 3.1537880290093994
8457.947520132077 11.315471178049757 2.978373572146609
8461.699463120582 12.390165404563941 2.469309151017165
8465.451656370355 11.901468302854035 2.6053105095174045
8469.204054926324 12.997600028631933 2.5993310133880216
8472.957158404008 12.578089929130812 2.540218992882268
8476.710295142795 11.862545383535466 3.1282915005545586
8480.464120902281 12.184263754350255 3.4623018852074794
8484.218101287086 12.096247089444132 3.4570049206458022
8487.9726158323 11.532503445675717 3.399135558555795
8491.727689647858 11.549003072694667 3.410320261948752
8495.48245915218 12.071260305241191 3.2039656485253456
8499.238191735983 12.016553528856829 2.943955259198461
8502.994104313497 12.61759976442321 2.7679121706857153
8506.750601053001 11.168865576902867 3.096732380186691
8510.50715959502 12.513952104000206 2.9096701419849884
8514.264460024837 12.98365738971962 3.0032035497123717
8518.021594304664 12.851779603259418 3.294947572497602
8521.779680585789 11.863236768856593 3.522651789028521
8525.537966516637 11.467662775987577 3.5784978090160107
8529.296514036656 12.136180188694203 3.477496271152963
8533.0557377161 11.919999984910378 3.42745425745295
8536.81507040395 12.500783938836616 3.3638876079045605
8540.575226485367 13.019318778331797 3.3138756025923914
8544.335234727703 13.802857002621241 2.981829614127607
8548.095807108793 11.93038972781748 3.1538501391017526
8551.856923512478 12.93428435900635 3.0883734956170494
8555.618492659336 11.818355912354704 3.275392677396384
8559.37990738476 12.799866794196571 3.230769110175251
8563.142407855174 12.876376095047071 3.391908816247391
8566.904763858478 11.390196601279243 3.6085586205211277
8570.666707547043 12.393269355292924 3.413707881436426
8574.430957858416 12.355622929065131 3.328446427304272
8578.194675021186 12.441614538618927 3.411663032255537
8581.959133569333 12.599611130772137 3.3003375455764448
8585.723667429427 12.424009278798128 3.2496893492452257
8589.488688317759 11.907384343473044 3.438921042416759
8593.254006641402 13.417000109190596 3.1003663367853567
8597.019777749314 11.62019407846649 3.302115689576882
8600.784985460004 12.08237597382303 3.1606758099183114
8604.552622800158 11.729261394947503 3.3131527108041485
8608.319958795317 12.31765814878288 3.176507626542586
8612.085811011171 12.933560595610983 3.1072279814613957
8615.854779817684 11.937789328565332 3.1241681958552063
8619.623121646686 11.829821934655788 2.869043069659317
8623.391852647612 13.64255135334046 2.454914333794451
8627.16074918276 10.952481727200526 2.6142252163643724
8630.93013308306 11.283799208115395 2.4835194529316844
8634.699458205498 13.528100628794538 2.27230871178972
8638.47013997755 11.26026651551091 2.552150191233148
8642.240964634992 12.828853110850506 2.565154768737079
8646.012078254613 12.768657417380664 2.5740189480336886
8649.783409009693 12.323365781844164 2.6364358091771147
8653.555460780513 12.302723879696082 2.5071451098147732
8657.3278256309 12.666600568959563 2.3052770194982304
8661.101609476647 10.405620269391243 2.3680257418917314
8664.873763584616 12.867583705957088 2.2148723571543534
8668.646968350671 12.326751332533533 2.377502367759031
8672.42130795455 11.958414056083168 2.4733104247922277
8676.195699833872 13.009348440384795 2.482276121707115
8679.970397324478 12.417798566432548 2.6919766258362574
8683.746238187498 10.887440825614034 2.827454223339554
8687.52140233824 11.598717111039807 2.9695789027750417
8691.297516358216 12.703186673087728 2.797539830102669
8695.07406116642 12.390757990581237 2.991818306446964
8698.850938213369 12.395850516959117 3.0172013043524846
8702.628310386752 12.431154204479078 2.9956334067202355
8706.406189405532 11.581307453635826 3.0972298523954045
8710.184529795166 13.241728030599257 2.8409753026006785
8713.963281537832 13.057291168190707 2.8955996705768277
8717.742760836647 11.918027694428563 3.1018444755521375
8721.521731704675 12.291733396236973 3.0964824489240805
8725.301678488668 11.631540449183415 3.15321359001923
8729.083204208206 12.467393714675058 3.0593029254544266
8732.86271944877 12.35219682596772 3.027403022077356
8736.644256486477 12.401795032244664 2.961813045645915
8740.425852487708 12.30559409972532 2.9546275903335464
8744.207995421943 11.987831788764687 3.00226068236065
8747.990466332218 11.59297003670979 3.0909467056485136
8751.773627396482 12.800450750098957 2.875690937072111
8755.557724161139 12.01417744211476 2.7025538861099374
8759.340776237303 12.341100167495226 2.275626264608345
8763.124999360265 13.384692858550162 1.8954736881797452
8766.909967449157 11.408509410789684 1.7671459579507056
8770.695050525102 10.933069176162734 1.811977650261939
8774.480919649224 13.420009127336106 1.604474991196996
8778.267069056927 12.82089648789946 1.6206245714096241
8782.05335583094 13.621694300921575 1.8704989477360732
8785.839129294422 12.642748203598991 1.936576695024892
8789.628164256157 12.84477438894357 2.0399274534594256
8793.41570664059 11.545187552505695 2.577739638181446
8797.204159029896 12.784538839383163 2.46618810252187
8800.99281998555 13.454558288540404 2.429517309756972
8804.781971453327 12.196003185736117 2.806925631859601
8808.570453823226 12.937568792242923 2.640973181064983
8812.361822544073 11.154583673389197 2.807993013730717
8816.152366875487 12.691625312553914 2.687582496279315
8819.943327508838 12.4493285047265 2.5616535320207463
8823.7348411568 11.699157146895807 1.812355047273552
8827.526846423967 11.296708435426948 1.5010008080449906
8831.319280252548 12.27510100496049 1.3999322249098256
8835.112104447215 12.681211799927867 1.221061826621362
8838.905583659176 13.175046353615974 1.3484553261154397
8842.699243903564 11.627655970062694 1.948313262609369
8846.493540914516 11.94915999999415 1.9794572536833221
8850.288185517398 11.125087538904307 2.306089891698571
8854.08330254248 12.836997590410062 2.346454383196903
8857.879005573535 11.424605133693788 2.356790208052772
8861.675108257223 11.130127236131274 2.4785429131567693
8865.471604721924 12.137877469069627 2.2356446337959137
8869.26854457457 12.244378980929389 2.178791145139232
8873.06619189121 11.046692124701588 2.213522767256559
8876.864134266943 12.431139068611957 2.1371755775047556
8880.662333169175 12.087861142138323 2.1258292117920345
8884.46132047891 12.42238964187585 1.6392259510257357
8888.260974941759 12.83827468999217 1.5374893229593933
8892.06064094408 11.851182933661198 1.5304777395625235
8895.861149631059 11.125231688489711 1.5868051119171045
8899.661753347258 11.04230574161544 1.8751389166744525
8903.463067365397 12.187472849914617 2.0019644358319693
8907.263682135479 12.598870418502543 1.8981659825255195
8911.066764404988 12.636964608637115 1.9618354794840718
8914.869346125417 12.927202014125266 1.7978319701849563
8918.672763925535 11.065506796264916 1.5522191086058543
8922.476081606304 11.282363307231691 1.498297465442563
8926.280848174601 11.618799993947098 1.4482351205686346
8930.085528611744 10.011876515870549 1.5118621108157284
8933.890770291879 11.483748964730779 1.8952878851756918
8937.696170873296 11.258883445298387 2.2596758178081338
8941.502237518323 11.390980762497307 2.0593005066953247
8945.309309406939 10.065922466941458 1.966809093566522
8949.115879783429 11.02535802637064 2.0364185609010144
8952.923553659415 10.084738846213492 2.0563589252545484
8956.731669593672 12.177955608673171 1.5584015184594207
8960.540071117739 10.190419197560065 1.6590923088997591
8964.35015598332 11.25962399917817 1.5936418059884367
8968.158626622177 10.885505772372627 1.583757951850578
8971.96864321632 9.846415553201286 1.9989079961252678
8975.779175849191 10.611001901795449 2.35081496073311
8979.590010154488 10.16891160976615 2.428794914613088
8983.400982037942 9.87341121061211 2.443947136980227
8987.213594687342 11.759588721493177 2.0217868130452175
8991.02620202101 10.888176743463207 2.00994142808102
8994.839209995669 10.567712780469876 2.0111465229307552
8998.652798862806 10.438644216490948 1.865496587284832
9002.466675655472 8.599119199834735 1.8793317784135626
9006.280980242966 11.354375339595027 1.7119692216911795
9010.09623423539 8.78706245269437 1.9305511228866303
9013.911826300173 10.15930983912268 1.8971385513179715
9017.727969679578 10.194238977736061 2.33234875196441
9021.544372668073 11.35165435335614 2.19512068313671
9025.361324980173 10.258119040581887 2.1730322105159243
9029.178918828286 10.045508419139857 2.249300565998085
9032.997034907054 9.192935676249451 2.2905188467747117
9036.814377575396 11.217399518168323 1.9523452788903541
9040.634623548869 11.323040089972011 1.9352651370190592
9044.454381931066 12.383664864578167 1.7876170949409358
9048.274452860222 11.00314534347556 1.7639550097518446
9052.095053811241 10.410864715485694 1.7729535609805076
9055.916144773513 9.674701708262477 1.8655430472547532
9059.73795987647 11.550649283168417 1.7315036005497308
9063.560234920771 12.091779059274316 1.7328763837519003
9067.383999115998 9.474342883425535 2.057356184547305
9071.206381651335 9.948139839969489 2.040188852285995
9075.029846607209 10.502570645695085 1.90505790888445
9078.854151606445 10.66043296087821 1.9179771013467926
9082.679051625335 9.657549845808816 2.0680118901401903
9086.504512257563 10.38493365509188 2.0167990475145348
9090.330186789733 11.044022493357854 1.844850244134268
9094.154901092616 10.991379013441184 1.828099912872017
9097.983756522655 10.496036198854034 1.8177088992861137
9101.811128284597 9.807610750651202 1.803510072864666
9105.638955788674 9.221623589571461 1.8655238913226802
9109.467449094635 10.902269164124856 1.7159946798930836
9113.296627546304 9.908381582183116 1.806076614289525
9117.126259552146 10.573793610630723 1.7681059314163166
9120.956415604473 9.472205782633633 1.953519238042364
9124.787031223588 10.46646001228589 1.7841013168546787
9128.618395955853 11.329396326227 1.704792404931285
9132.449884405816 8.616896315085077 1.9431229823743172
9136.282260021837 8.256511775610818 1.9584479301648168
9140.114963009268 8.985940065983574 1.9698583977237294
9143.948698436565 9.45208910619145 1.9016003356195461
9147.782638993884 10.383366218260903 1.7830502865912325
9151.616877221584 10.13574600848376 1.7070572593187803
9155.451961598055 11.47115421334252 1.6091224969254807
9159.287611975644 11.0668282822777 1.5878320868424045
9163.123703455856 9.79864112332611 1.6534651448674114
9166.960450870796 8.784853976965373 1.6878337224420414
9170.797655630051 10.874965550239628 1.559433698068087
9174.636773060784 8.824748507254737 1.670344777669294
9178.473709832777 9.730864528965625 1.6133851291376637
9182.312659086554 10.64757304688462 1.578824101951023
9186.15265590385 9.987957957477786 1.5316026432898142
9189.993016349601 8.628327733553322 1.6575682427676752
9193.83242726897 11.426708277116832 1.5491960447601325
9197.672520789842 9.904861607571451 1.588296574198263
9201.515554240554 10.776626670213746 1.5170089934756055
9205.357944143943 10.625685361314936 1.5391603042725275
9209.200458848567 11.909045765616568 1.4034121144401654
9213.043918740948 10.14010297538269 1.495836210869479
9216.888025684335 12.760064282210699 1.3381502301486037
9220.732122276755 10.845228531636392 1.4075603628374338
9224.57729527558 9.678526139089607 1.511660078056288
9228.422920767836 8.814952973522683 1.5825772769710211
9232.269247140257 11.424924547464077 1.3540348424046265
9236.115793115905 10.176792579850245 1.4109795368270162
9239.963813781473 11.728542709743042 1.3098536330775852
9243.811451042237 11.683479694048353 1.2938644439800828
9247.659904182972 10.451089432168816 1.4006721562941242
9251.51008647734 10.758662565188482 1.367541989100469
9255.358808783241 10.39988728156015 1.3825426338962763
9259.208878436411 9.973410512135844 1.3595114161695487
9263.059787600845 12.418645642344837 1.2086675173598012
9266.91082713027 10.94095378450176 1.245666787375175
9270.76321724727 11.955385724108968 1.1851007251519692
9274.615761001403 12.45807809695509 1.1950683487367135
9278.469020012906 12.972108506644242 1.1708992029902925
9282.322774533684 10.866817770756635 1.2669193705098518
9286.177056661903 10.13778778278076 1.3096900322430984
9290.032111151111 9.839082089654248 1.266906347009728
9293.887559094524 10.638144196709597 1.2218054166913015
9297.743638649948 11.156949534714695 1.1559840340394179
9301.600392213637 10.544685196855635 1.173447398615979
9305.45774227639 9.444087370091724 1.17796661601452
9309.315706906184 9.531923664097 1.011104090160819
9313.174113231136 8.610892228222912 0.851064698520408
9317.033206954773 10.9596298178116 0.6297079238235823
9320.892826551979 8.625857711907146 0.6119225054506939
9324.753079866774 8.440968212867968 0.5966516806590118
9328.615543380012 5.942793591180813 0.6080430308506445
9332.475559871398 7.3790869111794875 0.7184286392903182
9336.337660338138 9.022105187348469 0.8015093506636051
9340.200568789194 7.5628415407910685 0.8713907045823394
9344.063904210965 8.114103083142023 1.0183253742811624
9347.927602409689 7.232214379457124 1.1398036108816842
9351.792320728431 5.218260182008165 1.2143035712944357
9355.657440806188 6.349836585589695 1.1612034137643878
9359.523149777684 5.73840853331735 1.2389733388017656
9363.389515960453 6.316122079780005 1.2098412064271702
9367.256770206415 6.686646587851932 1.206677256663443
9371.124064099246 6.982695115245882 1.2293108456995714
9374.992392917231 8.099375005143893 1.0208320164951883
9378.861244385607 7.318317245755291 0.6722128040779402
9382.731367444596 4.217680008913969 0.49512465095990915
9386.600858916318 7.579402202456235 0.4725461559330861
9390.471756011157 7.0563249701311355 0.49410867392586433
9394.342841755888 6.402952259760864 0.5861234708090538
9398.21496162843 8.967873769640482 0.8984525752358243
9402.08767022715 9.144129372942544 0.9787032306969546
9405.960581565743 11.554797939649369 0.8372806122163736
9409.833685691128 9.210005017676828 0.8555501941176328
9413.709045005719 9.049567444649856 0.8677156859001899
9417.583893681876 9.688524446878384 0.8244215029102141
9421.46072090506 10.840749661379723 0.7935156416282192
9425.336214471788 9.398889000238746 0.7951294612993377
9429.213129927668 7.17290063437464 0.8129498046029177
9433.09077879515 7.587263999893738 0.778399858151072
9436.969139819876 9.048164583895137 0.7241542175998728
9440.84797050781 8.937619651825091 0.764723277195369
9444.727572913192 9.050210430965642 0.6004620135102102
9448.607903621441 9.178828254769012 0.5364071658817909
9452.488683836313 4.49406578504952 0.6091468604304636
9456.37031221611 5.748260199737319 0.5942208548985346
9460.252268000382 8.273023901369724 0.6186766118723284
9464.135142284378 7.4908169361419175 0.709827481912714
9468.018573484274 6.856921831514313 0.6711296519603623
9471.902594782756 8.701150481738347 0.6272597034003701
9475.78737818332 8.955481499218788 0.6204087949470178
9479.672961620372 5.8752491824232225 0.7304930443560123
9483.558822187651 7.625597123751438 0.6031988252888971
9487.445577619206 6.509064811080601 0.5899910171891019
9491.332940376293 9.091970150421004 0.5371293534952988
9495.221033385451 8.84682270604716 0.541149998644632
9499.109825791636 9.10988665048728 0.6442636099253986
9502.999024838697 10.055947350507003 0.7160924874645741
9506.889239969669 9.82651343557659 0.6980382358653712
9510.779608237553 6.457178431901522 0.6732294251778064
9514.669549943595 5.840535788571678 0.6630290511700688
9518.562271779067 10.025606132695081 0.6135757882294682
9522.455738439148 10.320891031194773 0.5971652726185396
9526.349922300791 11.45014944265555 0.587018727839477
9530.242935333305 9.278599239396087 0.6056020345105975
9534.139297555832 6.097666352181877 0.6655773470574939
9538.03311701442 5.996848806680573 0.6774142000571883
9541.929241694532 8.893735563193857 0.6612093472604996
9545.825818376983 7.184709566120808 0.7495532063733202
9549.723299146357 8.351929687169772 0.6864485992441622
9553.621275806949 9.241731886544418 0.6630308722139471
9557.520142933472 8.161515110571221 0.6506770351756493
9561.419717602861 5.089453811820137 0.6441632127328899
9565.319541050301 7.246013129949077 0.6092977075232874
9569.219897640827 10.863894416287188 0.5233200379230297
9573.121023056048 8.964470595753065 0.5463393505884462
9577.024217849787 8.881050707533118 0.4886233125290537
9580.92727518263 6.842943928075624 0.5303780165747449
9584.83063393995 10.729988581943452 0.4692984272199145
9588.734846251922 10.320465564324019 0.48002041072256796
9592.63995835445 11.311852051910869 0.5185585330091396
9596.545608661529 8.433510761470796 0.6120578783263446
9600.451815060029 10.330668244058122 0.5935148404650865
9604.358955764272 7.941726073061376 0.6501053408982156
9608.266612225398 5.946903750320369 0.7181792407014754
9612.175032346104 9.298168245112198 0.6003342306070371
9616.084166307848 8.367223255255762 0.5791582482928738
9619.99405483345 9.960856769825272 0.536577729262005
9623.904670390773 8.773977037867223 0.5270956590466449
9627.815849909844 7.122169018542945 0.5260766456034153
9631.727715147861 9.817288910043978 0.47641871998445695
9635.640441977697 8.943178230911302 0.507943636471817
9639.553839427843 8.908593409624315 0.5078754450082709
9643.468108328087 9.561102989307507 0.5149987362971912
9647.38294464493 7.940056401426619 0.5495342325029378
9651.298186621027 8.447300644106049 0.5301332465824927
9655.214616266037 7.358565329510095 0.5194196988737282
9659.131586594332 8.838615841027348 0.5188071965293289
9663.04913756293 9.149548125990005 0.512691484531121
9666.96667192864 10.725509440812367 0.4569629561862323
9670.88669130715 6.884157829046801 0.5193674781914137
9674.80669018724 7.943331056743076 0.5256173811501924
9678.727201439608 7.658488980460167 0.4946587839275423
9682.648476143353 8.020619030126879 0.4726394496685119
