# OBJECT: ZTF26abjyfjg
# INSTRUMENT: SEDM
# TELESCOPE: Palomar 1.5m
# OBSDATE: 2026-07-27
# OBSERVED_AT: 2026-07-27T08:57:25
# FILENAME: spec_auto_contsep_lstep1__crr_b_ifu20260727_08_57_25_ZTF26abjyfjg.txt
# SOURCE: reconstructed from Fritz wavelengths/fluxes/errors
# COLUMNS: wavelength flux fluxerr
3776.7	7.303e-16	2.75e-31
3802.3	1.651e-15	2.128e-31
3827.9	1.733e-15	1.751e-31
3853.4	1.699e-15	1.604e-31
3879.0	1.677e-15	1.037e-31
3904.6	1.627e-15	9.341e-32
3930.1	1.111e-15	1.434e-32
3955.7	1.183e-15	5.979e-32
3981.3	8.773e-16	5.288e-32
4006.8	7.508e-16	4.313e-32
4032.4	9.054e-16	4.09e-32
4058.0	1.119e-15	3.185e-32
4083.6	6.464e-16	3.385e-32
4109.1	7.579e-16	1.884e-32
4134.7	6.819e-16	2.846e-32
4160.3	7.63e-16	2.676e-32
4185.8	6.802e-16	1.928e-32
4211.4	5.949e-16	9.599e-32
4237.0	7.223e-16	2.402e-32
4262.6	6.482e-16	1.592e-31
4288.1	6.074e-16	1.468e-32
4313.7	6.62e-16	1.783e-32
4339.3	8.161e-16	1.649e-32
4364.8	4.771e-16	7.569e-33
4390.4	5.715e-16	1.384e-32
4416.0	5.948e-16	1.079e-32
4441.6	4.779e-16	5.939e-32
4467.1	5.844e-16	1.085e-32
4492.7	4.648e-16	7.844e-33
4518.3	6.027e-16	1.102e-32
4543.8	5.053e-16	5.226e-32
4569.4	4.434e-16	6.394e-33
4595.0	3.948e-16	5.422e-32
4620.5	4.548e-16	5.949e-32
4646.1	5.498e-16	4.856e-32
4671.7	4.328e-16	4.671e-33
4697.3	4.153e-16	4.226e-32
4722.8	3.255e-16	3.853e-33
4748.4	3.73e-16	3.631e-33
4774.0	2.629e-16	3.824e-33
4799.5	3.143e-16	2.718e-33
4825.1	4.539e-16	6.088e-33
4850.7	2.596e-16	2.533e-33
4876.3	2.679e-16	2.72e-33
4901.8	2.455e-16	3.051e-33
4927.4	3.104e-16	1.919e-32
4953.0	2.647e-16	2.097e-33
4978.5	2.914e-16	5.528e-33
5004.1	3.06e-16	1.626e-32
5029.7	2.932e-16	2.246e-33
5055.3	2.556e-16	2.239e-33
5080.8	2.954e-16	1.328e-32
5106.4	2.583e-16	1.561e-33
5132.0	2.888e-16	1.631e-33
5157.5	2.786e-16	1.647e-33
5183.1	3.32e-16	1.016e-32
5208.7	2.655e-16	1.232e-33
5234.2	3.17e-16	1.303e-33
5259.8	2.586e-16	8.771e-33
5285.4	2.497e-16	9.846e-34
5311.0	2.355e-16	9.339e-34
5336.5	2.495e-16	8.116e-33
5362.1	2.091e-16	9.146e-34
5387.7	2.782e-16	7.693e-33
5413.2	1.833e-16	1.079e-33
5438.8	1.925e-16	8.947e-34
5464.4	1.824e-16	6.343e-34
5490.0	1.849e-16	8.298e-34
5515.5	2.129e-16	9.468e-34
5541.1	2.258e-16	9.226e-34
5566.7	1.986e-16	4.75e-34
5592.2	1.648e-16	5.22e-34
5617.8	2.805e-16	8.036e-33
5643.4	1.95e-16	1.015e-33
5668.9	1.685e-16	6.303e-34
5694.5	2.137e-16	6.954e-34
5720.1	2.091e-16	5.971e-34
5745.7	1.988e-16	5.304e-34
5771.2	2.067e-16	2.368e-33
5796.8	1.939e-16	4.863e-34
5822.4	1.856e-16	4.274e-34
5847.9	1.885e-16	4.228e-34
5873.5	1.899e-16	4.079e-34
5899.1	1.888e-16	4.465e-34
5924.7	1.739e-16	3.548e-34
5950.2	1.605e-16	3.776e-34
5975.8	1.47e-16	3.734e-34
6001.4	1.338e-16	3.376e-34
6026.9	1.218e-16	2.317e-34
6052.5	1.2e-16	1.363e-33
6078.1	1.233e-16	2.126e-34
6103.7	1.071e-16	2.091e-34
6129.2	9.01e-17	1.86e-34
6154.8	9.304e-17	1.997e-34
6180.4	1.031e-16	2.371e-34
6205.9	1.205e-16	2.387e-34
6231.5	1.252e-16	1.931e-34
6257.1	1.263e-16	2.083e-34
6282.6	1.292e-16	2.53e-34
6308.2	1.369e-16	1.867e-34
6333.8	1.321e-16	1.351e-34
6359.4	1.255e-16	1.31e-34
6384.9	1.387e-16	1.734e-34
6410.5	1.367e-16	1.109e-33
6436.1	1.561e-16	9.83e-34
6461.6	1.731e-16	7.974e-34
6487.2	1.72e-16	9.957e-34
6512.8	1.541e-16	8.297e-34
6538.4	1.36e-16	1.261e-34
6563.9	1.351e-16	9.447e-35
6589.5	1.167e-16	1.161e-34
6615.1	1.3e-16	1.309e-34
6640.6	1.429e-16	1.301e-34
6666.2	1.286e-16	1.032e-34
6691.8	1.165e-16	8.946e-35
6717.4	1.13e-16	6.072e-35
6742.9	1.306e-16	5.609e-34
6768.5	1.342e-16	5.8e-34
6794.1	1.186e-16	3.865e-34
6819.6	1.237e-16	8.04e-35
6845.2	1.145e-16	9.346e-35
6870.8	1.104e-16	7.735e-35
6896.3	1.138e-16	6.423e-34
6921.9	1.019e-16	7.754e-35
6947.5	9.941e-17	7.83e-35
6973.1	8.282e-17	6.039e-35
6998.6	7.656e-17	6.043e-35
7024.2	7.839e-17	7.335e-35
7049.8	8.434e-17	5.178e-35
7075.3	8.576e-17	4.626e-35
7100.9	8.875e-17	5.471e-35
7126.5	8.576e-17	4.865e-35
7152.1	8.298e-17	5.544e-35
7177.6	1.098e-16	4.835e-34
7203.2	1.162e-16	6.046e-34
7228.8	1.133e-16	5.368e-34
7254.3	8.928e-17	3.838e-34
7279.9	9.615e-17	3.929e-34
7305.5	1.004e-16	4.831e-34
7331.1	7.002e-17	3.742e-34
7356.6	8.705e-17	2.689e-34
7382.2	9.286e-17	2.867e-34
7407.8	7.571e-17	3.652e-35
7433.3	1.018e-16	2.457e-34
7458.9	1.205e-16	2.226e-34
7484.5	7.485e-17	1.925e-34
7510.0	5.932e-17	3.018e-35
7535.6	6.31e-17	3.772e-35
7561.2	6.892e-17	4.214e-35
7586.8	6.528e-17	7.666e-35
7612.3	1.115e-16	9.297e-34
7637.9	9.851e-17	1.192e-33
7663.5	1.275e-16	7.267e-34
7689.0	1.179e-16	4.041e-34
7714.6	8.523e-17	3.846e-34
7740.2	6.541e-17	3.749e-34
7765.8	7.819e-17	3.296e-34
7791.3	6.981e-17	2.277e-34
7816.9	7.072e-17	1.889e-34
7842.5	6.685e-17	1.737e-34
7868.0	5.101e-17	2.721e-35
7893.6	4.735e-17	2.855e-35
7919.2	4.671e-17	2.748e-35
7944.7	4.772e-17	3.499e-35
7970.3	4.009e-17	2.003e-35
7995.9	3.233e-17	2.518e-35
8021.5	3.336e-17	2.71e-35
8047.0	3.179e-17	3.081e-35
8072.6	3.219e-17	3.318e-35
8098.2	3.911e-17	3.791e-35
8123.7	4.118e-17	4.269e-35
8149.3	5.299e-17	2.733e-34
8174.9	4.627e-17	2.774e-34
8200.5	4.04e-17	2.31e-34
8226.0	4.509e-17	1.929e-34
8251.6	5.108e-17	2.355e-34
8277.2	5.7e-17	2.637e-34
8302.7	5.815e-17	3.263e-34
8328.3	5.272e-17	4.747e-34
8353.9	5.471e-17	3.461e-34
8379.5	5.054e-17	3.749e-34
8405.0	5.018e-17	2.786e-34
8430.6	6.459e-17	2.008e-34
8456.2	5.055e-17	2.157e-34
8481.7	4.427e-17	3.032e-35
8507.3	5.419e-17	2.203e-34
8532.9	6.889e-17	3.126e-34
8558.4	7.139e-17	3.093e-34
8584.0	6.696e-17	1.587e-34
8609.6	6.56e-17	2.956e-34
8635.2	5.24e-17	7.6e-34
8660.7	4.986e-17	1.166e-34
8686.3	4.89e-17	2.954e-35
8711.9	5.82e-17	1.886e-34
8737.4	6.367e-17	2.097e-34
8763.0	5.697e-17	1.252e-34
8788.6	4.172e-17	2.023e-34
8814.2	4.052e-17	5.355e-35
8839.7	4.4e-17	4.459e-35
8865.3	5.089e-17	2.697e-34
8890.9	5.506e-17	3.562e-34
8916.4	4.674e-17	3.152e-34
8942.0	4.609e-17	1.683e-34
8967.6	6.686e-17	3.299e-34
8993.2	8.28e-17	4.415e-34
9018.7	8.228e-17	3.463e-34
9044.3	7.457e-17	2.999e-34
9069.9	7.11e-17	2.917e-34
9095.4	6.918e-17	3.008e-34
9121.0	6.158e-17	2.709e-34
9146.6	5.887e-17	2.94e-34
9172.1	6.276e-17	2.437e-34
9197.7	5.53e-17	3.077e-34
9223.3	4.204e-17	3.303e-34
